 1.000000 0.000000 1
 0.996917 0.078459 1
 0.987688 0.156434 1
 0.972370 0.233445 1
 0.951057 0.309017 1
 0.923880 0.382683 1
 0.891007 0.453991 1
 0.852640 0.522499 1
 0.809017 0.587785 1
 0.760406 0.649448 1
 0.707107 0.707107 1
 0.649448 0.760406 1
 0.587785 0.809017 1
 0.522499 0.852640 1
 0.453991 0.891006 1
 0.382684 0.923880 1
 0.309017 0.951056 1
 0.233445 0.972370 1
 0.156434 0.987688 1
 0.078459 0.996917 1
 -0.000000 1.000000 1
 -0.078459 0.996917 1
 -0.156435 0.987688 1
 -0.233445 0.972370 1
 -0.309017 0.951056 1
 -0.382684 0.923879 1
 -0.453991 0.891006 1
 -0.522499 0.852640 1
 -0.587785 0.809017 1
 -0.649448 0.760406 1
 -0.707107 0.707107 1
 -0.760406 0.649448 1
 -0.809017 0.587785 1
 -0.852640 0.522498 1
 -0.891007 0.453990 1
 -0.923880 0.382683 1
 -0.951057 0.309017 1
 -0.972370 0.233445 1
 -0.987688 0.156434 1
 -0.996917 0.078459 1
 -1.000000 -0.000001 1
 -0.996917 -0.078460 1
 -0.987688 -0.156435 1
 -0.972370 -0.233446 1
 -0.951056 -0.309018 1
 -0.923879 -0.382684 1
 -0.891006 -0.453991 1
 -0.852640 -0.522499 1
 -0.809017 -0.587786 1
 -0.760405 -0.649449 1
 -0.707106 -0.707107 1
 -0.649448 -0.760406 1
 -0.587785 -0.809017 1
 -0.522498 -0.852641 1
 -0.453990 -0.891007 1
 -0.382683 -0.923880 1
 -0.309016 -0.951057 1
 -0.233445 -0.972370 1
 -0.156434 -0.987688 1
 -0.078458 -0.996917 1
 0.000001 -1.000000 1
 0.078460 -0.996917 1
 0.156435 -0.987688 1
 0.233446 -0.972370 1
 0.309018 -0.951056 1
 0.382684 -0.923879 1
 0.453992 -0.891006 1
 0.522500 -0.852640 1
 0.587786 -0.809016 1
 0.649449 -0.760405 1
 0.707108 -0.707106 1
 0.760407 -0.649447 1
 0.809018 -0.587784 1
 0.852641 -0.522497 1
 0.891007 -0.453989 1
 0.923880 -0.382682 1
 0.951057 -0.309016 1
 0.972370 -0.233444 1
 0.987689 -0.156433 1
 0.996917 -0.078458 1
 0.200000 1.800000 2
 0.198458 1.878520 2
 0.193835 1.956918 2
 0.186137 2.035075 2
 0.175377 2.112869 2
 0.161571 2.190181 2
 0.144740 2.266891 2
 0.124910 2.342881 2
 0.102113 2.418034 2
 0.076383 2.492234 2
 0.047759 2.565367 2
 0.016286 2.637319 2
 -0.017987 2.707981 2
 -0.055008 2.777242 2
 -0.094720 2.844997 2
 -0.137061 2.911140 2
 -0.181966 2.975570 2
 -0.229366 3.038188 2
 -0.279188 3.098896 2
 -0.331355 3.157602 2
 -0.385786 3.214214 2
 -0.442399 3.268645 2
 -0.501104 3.320812 2
 -0.561812 3.370634 2
 -0.624430 3.418034 2
 -0.688860 3.462939 2
 -0.755003 3.505280 2
 -0.822758 3.544992 2
 -0.892019 3.582013 2
 -0.962681 3.616287 2
 -1.034633 3.647759 2
 -1.107766 3.676383 2
 -1.181966 3.702113 2
 -1.257119 3.724910 2
 -1.333110 3.744740 2
 -1.409820 3.761571 2
 -1.487131 3.775377 2
 -1.564926 3.786137 2
 -1.643082 3.793835 2
 -1.721481 3.798458 2
 -1.800001 3.800000 2
 -1.878520 3.798458 2
 -1.956919 3.793835 2
 -2.035075 3.786137 2
 -2.112870 3.775377 2
 -2.190181 3.761570 2
 -2.266891 3.744740 2
 -2.342882 3.724910 2
 -2.418035 3.702113 2
 -2.492235 3.676382 2
 -2.565368 3.647759 2
 -2.637320 3.616286 2
 -2.707982 3.582013 2
 -2.777243 3.544992 2
 -2.844998 3.505280 2
 -2.911141 3.462939 2
 -2.975571 3.418034 2
 -3.038189 3.370633 2
 -3.098897 3.320811 2
 -3.157602 3.268644 2
 -3.214214 3.214213 2
 -3.268646 3.157601 2
 -3.320813 3.098895 2
 -3.370635 3.038187 2
 -3.418035 2.975570 2
 -3.462940 2.911139 2
 -3.505281 2.844996 2
 -3.544993 2.777241 2
 -3.582014 2.707980 2
 -3.616287 2.637318 2
 -3.647760 2.565366 2
 -3.676383 2.492233 2
 -3.702113 2.418033 2
 -3.724911 2.342880 2
 -3.744740 2.266889 2
 -3.761571 2.190179 2
 -3.775377 2.112867 2
 -3.786137 2.035073 2
 -3.793835 1.956917 2
 -3.798458 1.878518 2
 -3.800000 1.799998 2
 -3.798458 1.721479 2
 -3.793834 1.643080 2
 -3.786137 1.564924 2
 -3.775376 1.487129 2
 -3.761570 1.409818 2
 -3.744740 1.333107 2
 -3.724910 1.257117 2
 -3.702112 1.181964 2
 -3.676382 1.107764 2
 -3.647758 1.034631 2
 -3.616286 0.962679 2
 -3.582012 0.892017 2
 -3.544991 0.822756 2
 -3.505279 0.755001 2
 -3.462938 0.688858 2
 -3.418033 0.624428 2
 -3.370633 0.561810 2
 -3.320811 0.501102 2
 -3.268644 0.442397 2
 -3.214212 0.385785 2
 -3.157600 0.331353 2
 -3.098894 0.279187 2
 -3.038186 0.229365 2
 -2.975569 0.181965 2
 -2.911139 0.137059 2
 -2.844995 0.094718 2
 -2.777240 0.055007 2
 -2.707979 0.017986 2
 -2.637317 -0.016287 2
 -2.565365 -0.047760 2
 -2.492232 -0.076384 2
 -2.418031 -0.102114 2
 -2.342878 -0.124911 2
 -2.266888 -0.144740 2
 -2.190178 -0.161571 2
 -2.112866 -0.175377 2
 -2.035072 -0.186137 2
 -1.956915 -0.193835 2
 -1.878517 -0.198458 2
 -1.799997 -0.200000 2
 -1.721478 -0.198458 2
 -1.643079 -0.193834 2
 -1.564922 -0.186137 2
 -1.487128 -0.175376 2
 -1.409816 -0.161570 2
 -1.333106 -0.144739 2
 -1.257116 -0.124910 2
 -1.181963 -0.102112 2
 -1.107763 -0.076382 2
 -1.034630 -0.047758 2
 -0.962678 -0.016285 2
 -0.892016 0.017988 2
 -0.822755 0.055010 2
 -0.755000 0.094721 2
 -0.688857 0.137063 2
 -0.624427 0.181968 2
 -0.561809 0.229368 2
 -0.501101 0.279190 2
 -0.442396 0.331357 2
 -0.385784 0.385789 2
 -0.331353 0.442401 2
 -0.279186 0.501107 2
 -0.229364 0.561815 2
 -0.181964 0.624432 2
 -0.137059 0.688863 2
 -0.094718 0.755006 2
 -0.055006 0.822761 2
 -0.017985 0.892022 2
 0.016288 0.962684 2
 0.047761 1.034637 2
 0.076384 1.107769 2
 0.102114 1.181970 2
 0.124912 1.257123 2
 0.144741 1.333113 2
 0.161571 1.409823 2
 0.175377 1.487135 2
 0.186137 1.564929 2
 0.193835 1.643086 2
 0.198458 1.721485 2
