 1.650000 0.690000 1
 0.510000 -0.740000 1
 1.130000 0.150000 1
 1.900000 -0.170000 1
 1.040000 -0.800000 1
 1.660000 0.200000 1
 0.570000 -0.170000 1
 1.570000 0.620000 1
 0.790000 -0.910000 1
 1.130000 -0.120000 1
 1.060000 0.750000 1
 0.970000 -0.090000 1
 0.190000 -0.440000 1
 1.140000 0.970000 1
 1.650000 0.110000 1
 0.430000 -0.740000 1
 1.250000 0.810000 1
 1.590000 -0.530000 1
 1.140000 -0.450000 1
 0.170000 0.430000 1
 0.300000 0.340000 1
 1.160000 -0.430000 1
 1.540000 0.360000 1
 1.850000 0.050000 1
 0.240000 -0.510000 1
 1.510000 0.460000 1
 0.100000 -0.250000 1
 1.350000 -0.760000 1
 1.440000 -0.570000 1
 0.450000 -0.040000 1
 1.650000 -0.010000 1
 0.820000 -0.820000 1
 0.550000 0.090000 1
 0.370000 -0.500000 1
 0.630000 0.270000 1
 0.330000 0.450000 1
 0.220000 -0.210000 1
 0.060000 0.130000 1
 0.520000 -0.570000 1
 0.710000 -0.490000 1
 0.740000 0.010000 1
 0.190000 -0.530000 1
 0.470000 0.070000 1
 0.730000 0.070000 1
 1.720000 0.050000 1
 0.260000 0.410000 1
 1.830000 -0.310000 1
 0.380000 -0.650000 1
 0.910000 -0.400000 1
 0.700000 -0.870000 1
 0.850000 -0.160000 1
 0.520000 -0.720000 1
 1.410000 0.730000 1
 1.300000 0.770000 1
 1.670000 -0.510000 1
 1.750000 0.100000 1
 0.740000 0.000000 1
 -0.030000 0.000000 1
 0.790000 -0.680000 1
 0.540000 0.540000 1
 0.180000 -0.500000 1
 0.850000 -0.420000 1
 1.190000 0.130000 1
 0.480000 -0.720000 1
 1.530000 -0.550000 1
 1.340000 0.680000 1
 0.920000 -0.860000 1
 1.050000 0.540000 1
 0.150000 -0.150000 1
 0.610000 -0.020000 1
 0.690000 0.910000 1
 0.140000 -0.220000 1
 0.150000 -0.380000 1
 1.710000 0.310000 1
 0.790000 -0.150000 1
 1.680000 0.580000 1
 1.020000 -0.630000 1
 0.780000 0.740000 1
 1.780000 -0.440000 1
 0.300000 0.080000 1
 1.460000 -0.840000 1
 1.470000 -0.170000 1
 0.800000 0.870000 1
 0.570000 0.090000 1
 1.030000 0.610000 1
 0.560000 -0.760000 1
 0.580000 -0.640000 1
 0.260000 0.220000 1
 0.700000 -0.120000 1
 0.240000 0.400000 1
 1.560000 0.710000 1
 0.790000 -0.770000 1
 0.990000 0.130000 1
 1.320000 0.370000 1
 1.130000 -0.230000 1
 1.100000 -0.600000 1
 1.230000 -0.860000 1
 1.370000 -0.670000 1
 0.070000 0.290000 1
 0.740000 -0.560000 1
 -0.630000 -0.050000 2
 -1.580000 0.760000 2
 -1.500000 -0.790000 2
 -1.850000 0.140000 2
 -0.270000 0.730000 2
 -1.400000 -0.790000 2
 -0.240000 0.040000 2
 -1.270000 0.640000 2
 -1.280000 -0.490000 2
 -0.810000 0.930000 2
 -0.870000 0.070000 2
 -1.320000 0.510000 2
 -0.000000 -0.270000 2
 -1.840000 0.280000 2
 -1.330000 -0.630000 2
 -1.480000 0.520000 2
 -1.820000 -0.480000 2
 -0.100000 -0.150000 2
 -0.310000 -0.440000 2
 -0.820000 -0.070000 2
 -0.380000 0.660000 2
 -1.680000 0.350000 2
 -0.530000 0.700000 2
 -0.640000 -0.140000 2
 -0.220000 0.660000 2
 -0.760000 -0.300000 2
 -0.850000 0.430000 2
 -0.270000 0.410000 2
 -0.710000 0.790000 2
 -1.260000 -0.890000 2
 -0.800000 0.710000 2
 -0.820000 -0.620000 2
 -1.010000 0.040000 2
 -0.200000 -0.140000 2
 -1.530000 0.140000 2
 -0.260000 -0.700000 2
 -1.410000 -0.310000 2
 -1.080000 0.830000 2
 -0.600000 -0.680000 2
 -1.190000 -0.310000 2
 -0.990000 -0.310000 2
 -0.400000 0.830000 2
 -0.530000 -0.380000 2
 -1.430000 0.440000 2
 -1.510000 -0.360000 2
 -1.530000 0.130000 2
 -1.220000 -0.480000 2
 -0.320000 -0.160000 2
 -1.810000 0.510000 2
 -1.370000 -0.280000 2
 -0.310000 -0.100000 2
 -1.410000 0.110000 2
 -0.430000 -0.230000 2
 -1.560000 -0.500000 2
 -0.640000 -0.450000 2
 0.030000 0.100000 2
 -0.610000 0.420000 2
 -1.300000 0.120000 2
 -0.350000 -0.450000 2
 -1.830000 0.010000 2
 -0.200000 0.420000 2
 -0.380000 0.020000 2
 -1.070000 0.880000 2
 -1.270000 0.770000 2
 -1.660000 0.500000 2
 -1.480000 -0.620000 2
 -0.960000 0.860000 2
 -1.300000 -0.500000 2
 -0.220000 -0.500000 2
 -1.470000 -0.540000 2
 -1.170000 0.570000 2
 -0.450000 -0.580000 2
 -1.370000 -0.600000 2
 -0.770000 0.120000 2
 -0.730000 -0.740000 2
 -0.990000 -0.950000 2
 -0.530000 -0.110000 2
 -0.490000 0.680000 2
 -1.870000 -0.320000 2
 -1.510000 -0.530000 2
 -1.360000 0.320000 2
 -1.230000 -0.760000 2
 -0.800000 -0.770000 2
 -1.260000 0.570000 2
 -0.380000 0.780000 2
 -1.000000 -0.780000 2
 -1.100000 0.000000 2
 -0.080000 0.050000 2
 -1.330000 0.070000 2
 -1.470000 0.680000 2
 -0.610000 0.380000 2
 -0.270000 0.650000 2
 -0.640000 0.620000 2
 -0.230000 -0.510000 2
 -1.080000 -0.940000 2
 -0.340000 -0.620000 2
 -1.100000 0.150000 2
 -1.590000 0.020000 2
 -1.250000 -0.770000 2
 -1.010000 -0.350000 2
 -0.810000 0.130000 2
 -0.590000 0.650000 2
 -0.090000 -0.190000 2
 -0.210000 -0.520000 2
 -1.300000 0.330000 2
 -1.210000 -0.940000 2
 -1.550000 -0.170000 2
 -0.830000 -0.160000 2
 -1.090000 -0.850000 2
 -0.880000 -0.040000 2
 -0.810000 0.110000 2
 -1.770000 0.180000 2
 -1.240000 0.580000 2
 -1.740000 0.610000 2
 -0.300000 -0.350000 2
 -1.010000 -0.190000 2
 -1.670000 0.330000 2
 -0.460000 -0.120000 2
 -0.910000 0.680000 2
 -1.310000 0.410000 2
 -0.440000 0.250000 2
 -1.000000 0.100000 2
 -1.120000 -0.880000 2
 -0.150000 -0.570000 2
 -0.810000 -0.170000 2
 -1.050000 0.290000 2
 -1.620000 -0.440000 2
 -1.490000 -0.670000 2
 -1.100000 0.530000 2
 -1.530000 0.750000 2
 -1.270000 0.730000 2
 -1.580000 -0.220000 2
 -0.270000 0.190000 2
 -0.800000 -0.270000 2
 -1.580000 -0.620000 2
 -1.560000 -0.470000 2
 -0.100000 -0.220000 2
 -1.640000 -0.220000 2
 -0.960000 -0.330000 2
 -1.720000 -0.010000 2
 -0.590000 -0.300000 2
 -0.910000 -0.440000 2
 -0.390000 0.260000 2
 -1.060000 0.330000 2
 -0.950000 0.420000 2
 -1.410000 -0.500000 2
 -0.550000 0.670000 2
 -1.570000 -0.710000 2
 -1.310000 0.430000 2
 -0.000000 0.010000 2
 -0.870000 -0.060000 2
 -1.120000 0.340000 2
 -0.990000 0.170000 2
 -1.750000 -0.470000 2
 -0.600000 0.300000 2
 -1.370000 -0.520000 2
 -1.640000 -0.270000 2
 -0.750000 0.460000 2
 -1.220000 -0.120000 2
 -1.010000 0.670000 2
 -0.900000 0.030000 2
 -1.150000 0.760000 2
 -0.940000 0.280000 2
 -0.280000 0.340000 2
 -0.350000 0.210000 2
 -0.970000 -0.300000 2
 -0.570000 -0.770000 2
 -1.880000 0.150000 2
 -0.620000 0.040000 2
 -1.670000 -0.470000 2
 -0.860000 0.340000 2
 -1.160000 -0.890000 2
 -0.600000 0.880000 2
 -0.720000 -0.590000 2
 -1.640000 -0.680000 2
 -0.620000 0.580000 2
 -0.150000 -0.190000 2
 -1.790000 -0.120000 2
 -0.840000 -0.140000 2
 -1.030000 0.480000 2
 -0.620000 -0.870000 2
 -1.250000 -0.660000 2
 -1.670000 0.020000 2
 -1.650000 0.520000 2
 -1.650000 0.450000 2
 -0.630000 0.530000 2
 -0.400000 -0.050000 2
 -0.730000 0.420000 2
 -1.720000 -0.280000 2
 -1.570000 -0.490000 2
 -1.460000 0.750000 2
 -1.310000 -0.570000 2
 -0.820000 0.470000 2
 -1.710000 0.100000 2
 -1.570000 -0.380000 2
 -1.220000 0.230000 2
 -0.660000 0.220000 2
 -0.060000 0.000000 2
 -1.130000 -0.030000 2
 -0.210000 -0.400000 2
 -0.590000 0.860000 2
 -1.350000 -0.080000 2
 -0.970000 0.980000 2
 -0.240000 0.030000 2
 -1.810000 -0.340000 2
 -0.250000 0.670000 2
 -1.550000 -0.790000 2
 -1.560000 0.600000 2
 -0.440000 -0.840000 2
 -0.110000 0.070000 2
 -0.150000 0.420000 2
 -1.570000 0.390000 2
 -1.710000 0.530000 2
 -0.790000 0.420000 2
 -0.290000 0.440000 2
 -0.960000 -0.240000 2
 -0.610000 -0.910000 2
 -1.520000 0.160000 2
 -1.280000 0.660000 2
 -0.760000 0.230000 2
 -0.660000 0.690000 2
 -1.780000 0.500000 2
 -1.670000 0.500000 2
 -0.650000 0.260000 2
 -0.370000 -0.220000 2
 -0.650000 0.410000 2
 -1.510000 -0.130000 2
 -0.780000 0.190000 2
 -0.760000 0.530000 2
 -0.640000 -0.840000 2
 -1.540000 -0.540000 2
 0.020000 -0.030000 2
 -1.590000 0.360000 2
 -0.290000 -0.720000 2
 -1.250000 -0.330000 2
 -0.310000 0.080000 2
 -1.360000 0.180000 2
 -0.580000 0.720000 2
 -0.330000 -0.020000 2
 -0.550000 0.820000 2
 -0.780000 -0.170000 2
 -0.510000 -0.760000 2
 -1.110000 -0.530000 2
 -0.020000 -0.160000 2
 -0.870000 0.310000 2
 -0.400000 0.650000 2
 -1.080000 -0.510000 2
 -0.440000 0.510000 2
 -1.010000 -0.860000 2
 -1.510000 -0.810000 2
 -0.710000 -0.170000 2
 -1.060000 -0.110000 2
 -0.420000 -0.160000 2
 -0.540000 -0.660000 2
 -0.340000 0.210000 2
 -1.470000 -0.080000 2
 -1.670000 0.620000 2
 -0.440000 0.700000 2
 -0.100000 -0.320000 2
 -0.750000 0.590000 2
 -1.700000 -0.640000 2
 -0.740000 -0.620000 2
 -0.070000 -0.210000 2
 -1.740000 0.420000 2
 -0.480000 0.770000 2
 -0.180000 0.170000 2
 -0.070000 -0.340000 2
 -1.020000 -0.800000 2
 -0.780000 0.530000 2
 -0.210000 0.610000 2
 -1.540000 -0.040000 2
 -0.090000 -0.310000 2
 0.010000 -0.230000 2
 -0.160000 0.130000 2
 -1.620000 0.200000 2
 -0.490000 0.410000 2
 -0.170000 -0.010000 2
 -0.610000 0.630000 2
 -1.390000 0.080000 2
 -0.500000 -0.490000 2
 -0.630000 0.410000 2
 -1.180000 0.200000 2
 -0.470000 -0.400000 2
 -1.010000 0.270000 2
 -0.430000 0.490000 2
 -0.870000 0.380000 2
 -1.390000 -0.270000 2
 -0.850000 -0.810000 2
 -0.980000 -0.070000 2
 -0.770000 0.820000 2
 -1.400000 0.740000 2
 -0.870000 -0.600000 2
 -0.090000 -0.500000 2
 -1.440000 -0.630000 2
 -0.870000 0.940000 2
 -0.970000 -0.750000 2
 -0.050000 0.370000 2
 -0.710000 -0.710000 2
 -1.160000 0.840000 2
 -1.920000 -0.170000 2
 -1.140000 0.980000 2
 -1.390000 0.380000 2
 -1.650000 -0.360000 2
 -0.650000 -0.200000 2
 -1.080000 0.860000 2
 -1.580000 0.230000 2
 -0.930000 -0.370000 2
 -1.410000 -0.760000 2
 -1.390000 -0.620000 2
 -0.840000 0.220000 2
 -1.060000 -0.640000 2
 -0.790000 0.870000 2
 -1.840000 0.040000 2
 -0.330000 0.130000 2
 -1.330000 0.220000 2
 -1.760000 -0.560000 2
 -1.830000 -0.440000 2
 -1.560000 -0.060000 2
 -1.310000 -0.790000 2
 -0.990000 -0.120000 2
 -0.470000 -0.740000 2
 -0.130000 0.310000 2
 -0.270000 -0.310000 2
 -1.110000 -0.900000 2
 -1.180000 0.410000 2
 -0.820000 0.920000 2
 -0.900000 0.000000 2
 -0.760000 0.200000 2
 -1.270000 -0.210000 2
 -1.650000 -0.010000 2
 -1.050000 0.190000 2
 -1.610000 -0.380000 2
 -0.180000 0.500000 2
 -1.110000 -0.560000 2
 -1.500000 -0.180000 2
 -0.420000 0.090000 2
 -1.480000 0.700000 2
 -0.230000 -0.280000 2
 -0.900000 -0.930000 2
 -0.000000 0.060000 2
 -0.830000 0.260000 2
 -1.130000 -0.190000 2
 -1.150000 -0.210000 2
 -1.170000 -0.120000 2
 -1.720000 0.170000 2
 -1.170000 -0.640000 2
 -0.010000 -0.040000 2
 -1.190000 0.760000 2
 -0.250000 -0.450000 2
 -1.210000 -0.450000 2
 -1.850000 -0.140000 2
 -1.240000 0.850000 2
 -1.060000 -0.840000 2
 -1.240000 0.670000 2
 -0.900000 0.940000 2
 -0.580000 -0.220000 2
 -1.120000 0.030000 2
 -0.900000 0.300000 2
 -1.810000 -0.110000 2
 -1.190000 0.030000 2
 -1.590000 0.250000 2
 -0.400000 -0.430000 2
 -0.990000 -0.540000 2
 -1.780000 0.220000 2
 -0.380000 0.080000 2
 -1.550000 -0.440000 2
 -1.700000 -0.510000 2
 -1.710000 0.250000 2
 -0.230000 0.220000 2
 -0.640000 0.550000 2
 -0.150000 -0.060000 2
 -1.070000 0.910000 2
 -1.120000 -0.690000 2
 -0.540000 0.850000 2
 -1.060000 0.920000 2
 -0.690000 -0.800000 2
 -0.400000 -0.730000 2
 -0.110000 0.200000 2
 -0.890000 -0.160000 2
 -1.740000 -0.410000 2
 -1.920000 -0.230000 2
 -0.400000 -0.260000 2
 -0.890000 0.580000 2
 -0.530000 -0.690000 2
 -1.320000 0.840000 2
 -0.430000 0.030000 2
 -1.200000 0.560000 2
 -1.380000 0.420000 2
 -1.590000 -0.700000 2
 -0.160000 -0.320000 2
 -1.320000 0.040000 2
 -0.500000 -0.730000 2
 -1.710000 0.090000 2
 -1.250000 0.160000 2
 -0.820000 0.070000 2
 -0.880000 -0.930000 2
 -0.930000 0.510000 2
 -0.700000 -0.950000 2
 -0.470000 -0.510000 2
 -0.510000 -0.200000 2
 -0.760000 0.350000 2
 -1.080000 0.380000 2
 -1.530000 0.350000 2
 -0.560000 -0.310000 2
 -1.670000 0.380000 2
 -0.880000 0.340000 2
 -1.140000 -0.180000 2
 -1.000000 -0.280000 2
 -0.890000 0.270000 2
 -0.240000 -0.030000 2
 -1.660000 0.520000 2
 -1.880000 0.250000 2
 -0.640000 0.360000 2
 -0.650000 0.720000 2
 -0.260000 -0.720000 2
 -1.340000 -0.080000 2
 -0.750000 -0.790000 2
 -0.630000 0.460000 2
 -0.260000 0.590000 2
 -0.700000 -0.150000 2
 -0.950000 0.270000 2
 -1.130000 -0.870000 2
 -1.550000 0.150000 2
 -1.390000 -0.250000 2
 -1.260000 0.040000 2
 -0.980000 0.100000 2
 -1.600000 -0.380000 2
 -0.550000 0.360000 2
 -1.730000 -0.580000 2
 -1.160000 -0.660000 2
 -1.790000 -0.510000 2
 -0.350000 -0.580000 2
 -0.420000 0.590000 2
 -0.630000 -0.260000 2
 -1.090000 -0.220000 2
 -1.480000 0.190000 2
 -0.280000 0.250000 2
 -1.160000 -0.160000 2
 -0.950000 0.560000 2
 -1.650000 0.460000 2
 -1.140000 -0.430000 2
 -1.090000 0.230000 2
 -0.710000 0.690000 2
 -1.680000 -0.640000 2
 -1.940000 0.000000 2
 -1.410000 -0.810000 2
 -0.350000 -0.580000 2
 -0.480000 0.190000 2
 -0.180000 0.030000 2
 -1.010000 0.050000 2
 -1.570000 0.730000 2
 -1.480000 -0.400000 2
 -0.860000 -0.320000 2
 -0.530000 0.650000 2
 -0.280000 0.250000 2
 -1.180000 -0.760000 2
 -1.460000 0.300000 2
 -1.590000 -0.710000 2
 -1.650000 0.160000 2
 -1.260000 0.250000 2
 -1.060000 0.870000 2
 -1.150000 0.720000 2
 -0.660000 0.210000 2
 -0.320000 -0.010000 2
 -0.950000 -0.150000 2
 -1.100000 0.120000 2
 -0.730000 -0.710000 2
 -1.790000 0.290000 2
 -1.040000 0.230000 2
 -1.770000 -0.070000 2
 -1.470000 0.580000 2
 -0.770000 0.850000 2
 -0.970000 0.750000 2
 -0.800000 0.020000 2
 -0.710000 0.140000 2
 -1.160000 0.180000 2
 -0.310000 -0.120000 2
 -1.820000 -0.350000 2
 -1.520000 -0.120000 2
 -0.920000 0.520000 2
 -1.030000 0.790000 2
 -0.090000 0.090000 2
 -0.750000 -0.200000 2
 -0.320000 0.050000 2
 -0.680000 0.690000 2
 -0.950000 0.560000 2
 -1.050000 0.210000 2
 -0.280000 -0.390000 2
 -0.820000 -0.330000 2
 -1.790000 -0.100000 2
 -1.470000 -0.650000 2
 -1.830000 0.160000 2
 -1.560000 -0.720000 2
 -0.550000 0.070000 2
 -0.460000 -0.280000 2
 -1.410000 0.650000 2
 -0.170000 -0.580000 2
 -1.240000 0.260000 2
 -1.620000 0.360000 2
 -1.670000 -0.080000 2
 -0.720000 0.170000 2
 -1.320000 0.350000 2
 -0.820000 0.770000 2
 -0.840000 -0.030000 2
 -0.880000 0.640000 2
 -1.120000 0.050000 2
 -0.340000 0.260000 2
 -0.730000 -0.620000 2
 -0.350000 0.790000 2
 -1.580000 -0.030000 2
 -1.270000 -0.910000 2
 -1.020000 -0.550000 2
 -1.280000 0.800000 2
 -1.600000 -0.110000 2
 -1.600000 0.160000 2
 -0.740000 0.360000 2
 -0.390000 0.160000 2
 -1.930000 0.110000 2
 -0.140000 -0.160000 2
 -0.080000 -0.150000 2
 -1.480000 -0.670000 2
 -0.260000 -0.490000 2
 -1.090000 -0.100000 2
 -0.970000 -0.320000 2
 -0.790000 0.500000 2
 -0.260000 0.650000 2
 -0.630000 -0.610000 2
 -0.530000 -0.560000 2
 -1.710000 -0.020000 2
 -0.210000 0.220000 2
 -1.660000 0.470000 2
 -0.880000 -0.790000 2
 -1.080000 -0.020000 2
 -0.260000 -0.580000 2
 -0.290000 -0.640000 2
 -1.320000 0.330000 2
 -1.050000 0.470000 2
 -0.950000 -0.190000 2
 -0.760000 0.780000 2
 0.010000 0.030000 2
 -0.370000 0.540000 2
 -0.730000 -0.190000 2
 -0.820000 0.320000 2
 -0.970000 -0.940000 2
 -0.290000 -0.650000 2
 -1.500000 0.370000 2
 -1.590000 0.200000 2
 -1.530000 -0.700000 2
 -1.800000 0.250000 2
 -1.800000 -0.420000 2
 -1.000000 -0.600000 2
 -0.040000 0.110000 2
 -1.520000 0.300000 2
 -1.220000 0.750000 2
 -1.000000 0.940000 2
 -1.550000 0.480000 2
 -1.630000 -0.730000 2
 -0.500000 -0.360000 2
 -0.610000 0.880000 2
 -0.250000 -0.450000 2
 -0.190000 -0.520000 2
 -0.510000 -0.660000 2
 -1.350000 0.900000 2
 -0.400000 0.420000 2
 -0.560000 -0.240000 2
 -0.330000 0.490000 2
 -0.790000 0.580000 2
 -0.910000 0.810000 2
 -1.200000 0.670000 2
 0.010000 0.020000 2
 -1.900000 -0.270000 2
 -1.610000 -0.190000 2
 -1.190000 -0.580000 2
 -0.850000 -0.840000 2
 -1.020000 -0.790000 2
 -0.900000 -0.540000 2
 -1.810000 0.310000 2
 -1.480000 0.290000 2
 -0.540000 -0.460000 2
 -0.690000 0.550000 2
 -1.200000 -0.080000 2
 -0.580000 0.380000 2
 -0.080000 0.180000 2
 -1.050000 -0.580000 2
 -1.260000 0.010000 2
 -0.520000 0.680000 2
 -0.160000 -0.280000 2
 -0.400000 -0.170000 2
 -0.910000 -0.110000 2
 -1.870000 0.240000 2
 -1.400000 -0.830000 2
 -0.260000 -0.210000 2
 -1.110000 -0.610000 2
 -0.810000 -0.040000 2
 -1.560000 -0.490000 2
 -1.220000 -0.040000 2
 -1.440000 -0.230000 2
 -0.720000 0.810000 2
 -0.860000 -0.300000 2
 -0.710000 -0.210000 2
 -1.440000 -0.470000 2
 -1.160000 0.640000 2
 -1.200000 0.080000 2
 -1.090000 -0.270000 2
 -0.580000 -0.630000 2
 -0.170000 0.450000 2
 -1.390000 0.030000 2
 -0.160000 0.180000 2
 -0.150000 0.140000 2
 -1.110000 -0.310000 2
 -0.140000 -0.300000 2
 -1.010000 -0.240000 2
 -0.570000 0.860000 2
 -1.350000 0.110000 2
 -0.800000 0.220000 2
 -1.190000 -0.930000 2
 -0.690000 -0.510000 2
 -0.570000 -0.240000 2
 -1.010000 -0.930000 2
 -1.650000 0.060000 2
 -1.760000 -0.250000 2
 -0.710000 -0.610000 2
 -0.050000 0.270000 2
 -0.380000 0.120000 2
 -1.150000 0.230000 2
 -0.750000 0.630000 2
 -1.090000 0.240000 2
 -0.880000 0.380000 2
 -0.010000 0.180000 2
 -0.240000 0.570000 2
 -1.130000 -0.880000 2
 -0.810000 0.610000 2
 -0.590000 0.630000 2
 -1.190000 -0.160000 2
 -0.500000 0.280000 2
 -0.310000 -0.410000 2
 -1.350000 0.200000 2
 -0.970000 -0.800000 2
 -1.030000 0.470000 2
 -0.360000 -0.280000 2
 -1.090000 -0.690000 2
 -0.690000 -0.520000 2
 -0.770000 -0.270000 2
 -0.800000 0.340000 2
 -0.660000 -0.440000 2
 -0.550000 0.110000 2
 -0.540000 0.120000 2
 -1.760000 0.050000 2
 -1.000000 0.350000 2
 -1.340000 -0.870000 2
 -1.250000 -0.700000 2
 -1.340000 0.260000 2
 -0.300000 0.430000 2
 -1.070000 -0.970000 2
 -1.810000 -0.240000 2
 -0.820000 0.530000 2
 -1.280000 -0.870000 2
 -1.560000 0.380000 2
 -1.760000 0.060000 2
 -1.880000 0.130000 2
 -0.380000 -0.420000 2
 -0.850000 0.660000 2
 -0.340000 -0.250000 2
 -1.420000 0.800000 2
 -0.260000 0.280000 2
 -0.870000 0.100000 2
 -1.480000 0.670000 2
 -1.440000 -0.050000 2
 -1.400000 0.360000 2
 -1.570000 0.510000 2
 -1.310000 0.120000 2
 -1.520000 -0.440000 2
 -1.230000 -0.860000 2
 -1.450000 -0.210000 2
 -0.280000 -0.290000 2
 -1.630000 -0.430000 2
 -1.070000 0.420000 2
 -0.850000 -0.800000 2
 -0.500000 0.360000 2
 -1.350000 0.540000 2
 -0.090000 -0.250000 2
 -0.660000 0.740000 2
 -1.250000 -0.800000 2
 -0.740000 0.650000 2
 -1.050000 -0.470000 2
 -1.640000 0.300000 2
 -0.400000 0.780000 2
 -0.410000 0.070000 2
 -0.390000 -0.400000 2
 -1.240000 0.720000 2
 -1.340000 -0.650000 2
 -1.770000 0.150000 2
 -0.660000 0.570000 2
 -1.500000 0.480000 2
 -0.810000 0.340000 2
 -1.400000 0.850000 2
 -0.100000 -0.380000 2
 -1.090000 -0.670000 2
 -1.130000 -0.510000 2
 -1.620000 0.630000 2
 -0.290000 0.190000 2
 -1.120000 0.040000 2
 -1.670000 -0.060000 2
 -0.160000 -0.220000 2
 -0.370000 -0.360000 2
 -1.100000 0.610000 2
 -1.620000 0.490000 2
 -1.440000 0.690000 2
 -1.100000 0.390000 2
 -1.550000 0.570000 2
 -1.100000 -0.320000 2
 -1.540000 0.420000 2
 -1.880000 -0.230000 2
 -0.490000 0.620000 2
 -0.570000 -0.780000 2
 -0.290000 -0.360000 2
 -0.320000 0.480000 2
 -1.850000 -0.350000 2
 -0.340000 -0.690000 2
 -1.700000 0.530000 2
 -0.300000 -0.610000 2
 -0.290000 0.020000 2
 -0.760000 -0.860000 2
 -1.860000 -0.110000 2
 -1.590000 -0.700000 2
 -0.470000 -0.300000 2
 -0.160000 -0.430000 2
 -0.630000 -0.210000 2
 -0.480000 0.370000 2
 -1.080000 -0.250000 2
 -0.510000 0.020000 2
 -1.490000 0.230000 2
 -0.820000 -0.480000 2
 -1.810000 0.430000 2
 -0.060000 -0.330000 2
 -1.040000 0.100000 2
 -0.910000 -0.260000 2
 -1.110000 -0.140000 2
 -1.400000 -0.850000 2
 -1.010000 -0.150000 2
 -0.560000 0.320000 2
 -0.690000 0.170000 2
 -0.970000 0.050000 2
 -0.100000 0.490000 2
 -0.620000 0.240000 2
 -0.500000 -0.290000 2
 -0.440000 -0.740000 2
 -0.710000 0.730000 2
 -1.400000 -0.130000 2
 -0.980000 -0.880000 2
 -1.590000 0.650000 2
 -1.620000 0.010000 2
 -0.570000 0.650000 2
 -0.490000 0.280000 2
 -0.930000 -0.160000 2
 -0.310000 -0.380000 2
 -1.050000 0.210000 2
 -0.920000 0.600000 2
 -1.460000 -0.550000 2
 -1.430000 -0.730000 2
 -1.420000 0.020000 2
 -0.670000 0.810000 2
 -0.970000 0.450000 2
 -1.050000 -0.260000 2
 -0.450000 0.020000 2
 -1.510000 0.810000 2
 -1.710000 -0.070000 2
 -1.100000 -0.580000 2
 -0.970000 -0.600000 2
 -1.680000 -0.310000 2
 -1.480000 0.570000 2
 -0.100000 -0.400000 2
 -1.500000 -0.360000 2
 -0.460000 -0.380000 2
 -1.640000 -0.440000 2
 -1.230000 0.730000 2
 -1.880000 0.280000 2
 -0.830000 -0.900000 2
 -0.240000 -0.630000 2
 -1.140000 -0.900000 2
 -1.460000 -0.720000 2
 -1.140000 -0.830000 2
 -1.170000 0.860000 2
 -0.480000 0.000000 2
 -1.160000 0.840000 2
 -0.760000 -0.630000 2
 -1.710000 -0.420000 2
 -1.390000 -0.830000 2
 -1.540000 -0.750000 2
 -1.100000 -0.480000 2
 -0.690000 -0.320000 2
 -0.560000 0.280000 2
 -1.000000 0.220000 2
 -0.710000 0.950000 2
 -0.560000 0.730000 2
 -0.710000 0.850000 2
 -0.300000 -0.250000 2
 -0.740000 -0.830000 2
 -0.160000 -0.440000 2
 -0.830000 0.550000 2
 -1.250000 -0.780000 2
 -1.110000 0.250000 2
 -0.930000 0.470000 2
 -1.240000 0.560000 2
 -0.430000 0.750000 2
 -1.600000 0.110000 2
 -0.140000 0.410000 2
 -1.310000 0.310000 2
 -0.940000 0.390000 2
 -0.340000 0.670000 2
 -0.360000 -0.050000 2
 -1.740000 -0.540000 2
 -1.460000 -0.340000 2
 -1.290000 0.420000 2
 -1.880000 -0.160000 2
 -0.290000 0.730000 2
 -0.260000 -0.080000 2
 -1.070000 -0.950000 2
 -0.770000 0.180000 2
 -0.990000 -0.210000 2
 -1.230000 -0.270000 2
 -0.950000 -0.670000 2
 -1.010000 0.370000 2
 -0.240000 0.690000 2
 -1.190000 -0.800000 2
 -1.780000 -0.090000 2
 -0.080000 -0.250000 2
 -0.800000 -0.200000 2
 -1.330000 -0.360000 2
 -0.010000 -0.010000 2
 -0.940000 0.110000 2
 -1.430000 -0.660000 2
 -0.370000 0.650000 2
 -0.690000 -0.890000 2
 -1.560000 0.290000 2
 -0.980000 -0.450000 2
 -0.760000 -0.720000 2
 -0.610000 0.740000 2
 -0.690000 -0.570000 2
 -0.340000 -0.380000 2
 -0.960000 -0.140000 2
 -0.110000 -0.150000 2
 -0.550000 0.180000 2
 -0.650000 -0.020000 2
 -0.860000 -0.500000 2
 -0.500000 0.850000 2
 -0.820000 0.760000 2
 -0.560000 0.740000 2
 -1.460000 0.360000 2
 -0.580000 -0.440000 2
 -1.690000 -0.080000 2
 -1.240000 -0.230000 2
 -0.670000 0.640000 2
 -1.540000 0.130000 2
 -0.730000 -0.440000 2
 -0.600000 0.490000 2
 -1.130000 -0.180000 2
 -0.820000 -0.570000 2
 -1.050000 0.930000 2
 -1.150000 -0.780000 2
 -1.730000 -0.200000 2
 -0.370000 -0.680000 2
 -0.030000 -0.230000 2
 -1.140000 -0.240000 2
 -0.750000 -0.070000 2
 -0.320000 0.550000 2
 -0.670000 -0.450000 2
 -0.530000 -0.370000 2
 -0.650000 -0.310000 2
 -1.830000 0.320000 2
 -1.400000 0.620000 2
 -0.630000 0.190000 2
 -0.210000 0.510000 2
 -1.540000 0.330000 2
 -0.990000 -0.840000 2
 -1.120000 -0.130000 2
 -0.060000 0.060000 2
 -0.990000 0.630000 2
 -0.930000 0.940000 2
 -1.310000 -0.170000 2
 -1.500000 0.710000 2
 -1.390000 0.760000 2
 -0.250000 0.150000 2
 -0.430000 -0.600000 2
 -0.700000 -0.520000 2
 -1.040000 0.030000 2
 -1.640000 0.480000 2
 -1.060000 -0.520000 2
 -0.130000 0.570000 2
 -1.130000 0.960000 2
 -1.560000 -0.580000 2
 -0.120000 0.440000 2
 -0.250000 0.350000 2
 -0.810000 -0.110000 2
 -1.480000 -0.440000 2
 -1.040000 -0.080000 2
 -0.520000 -0.230000 2
 -1.370000 -0.410000 2
 -1.290000 0.730000 2
 -0.630000 0.230000 2
