-1.767   -4.985   1
 0.662   -5.499   1
 4.015    4.213   1
-4.956   -1.143   1
 5.769    0.860   1
 4.845    3.155   1
 5.843   -1.144   1
-4.909    1.237   1
-4.400    2.833   1
-1.262   -5.260   1
-0.579    5.380   1
-4.166    3.155   1
-4.207    2.833   1
 3.369    4.613   1
-4.547    2.582   1
 5.688    1.608   1
 2.531    5.063   1
 1.069    5.470   1
 0.239   -5.492   1
-2.758    4.393   1
 4.407    3.680   1
-3.810    3.310   1
 5.586   -2.149   1
 2.491    5.100   1
 0.808   -5.487   1
 0.563    5.499   1
 5.484    2.411   1
-1.513    5.135   1
 6.006    0.860   1
 1.737   -5.313   1
-5.167   -0.479   1
 0.761    5.497   1
-4.861   -0.670   1
-4.012   -3.076   1
-1.724   -5.100   1
 4.837    3.310   1
-3.472   -3.956   1
 0.723   -5.497   1
 5.944    0.860   1
-1.244   -5.200   1
-0.784   -5.337   1
-4.490   -2.582   1
 3.349   -4.664   1
 4.257    3.956   1
-4.716    1.516   1
 4.914    3.386   1
-1.368   -5.168   1
 5.198   -2.582   1
 4.402    3.821   1
-1.726    5.025   1
 2.841   -4.901   1
 3.067    4.856   1
 1.378   -5.399   1
 5.233   -2.582   1
 1.593    5.359   1
 2.345   -5.200   1
 5.609   -2.237   1
 5.943    0.000   1
 3.766   -4.450   1
 5.832   -0.384   1
 4.754   -3.535   1
 5.544    2.237   1
 5.509    1.881   1
-2.316    4.714   1
 2.841    4.901   1
 5.939   -1.144   1
 5.841   -0.860   1
-1.618   -5.135   1
-4.941   -1.237   1
 5.923   -0.765   1
-1.466    5.168   1
 5.832   -1.237   1
-4.462    2.324   1
 1.895   -5.337   1
-3.377   -3.821   1
 3.272    4.763   1
 5.327   -2.497   1
 3.622   -4.505   1
 1.364   -5.416   1
 4.807   -3.155   1
 5.119   -3.076   1
 5.449    2.411   1
-3.624    3.608   1
-2.447    4.714   1
 5.833    0.288   1
 4.123    4.151   1
-4.680    2.060   1
-0.023    5.487   1
 5.807   -1.331   1
 3.427    4.714   1
 1.361    5.432   1
 5.421    2.060   1
 4.854    3.233   1
-2.344   -4.664   1
-5.007    1.331   1
 5.378    2.666   1
 5.662   -2.149   1
 5.268   -2.833   1
 5.175    2.750   1
-2.002    4.943   1
 5.062   -2.915   1
-2.572   -4.560   1
-2.161    4.856   1
 1.516    5.399   1
-3.855    3.386   1
 5.986    0.860   1
 0.344   -5.499   1
 4.868   -3.233   1
 5.771    1.331   1
-0.561   -5.380   1
-4.388   -2.666   1
 3.819    4.392   1
 0.194   -5.487   1
-4.994   -0.096   1
 0.336    5.500   1
 1.512    5.399   1
 0.004   -5.479   1
-2.613   -4.613   1
-1.145   -5.287   1
-2.722   -4.505   1
 4.199    4.087   1
 4.744   -3.310   1
-4.358   -2.411   1
 1.241   -5.459   1
 6.026    0.479   1
 4.317    3.889   1
-0.938   -5.337   1
 1.242    5.446   1
 5.102   -2.750   1
-4.165    2.915   1
-2.330   -4.664   1
 1.397   -5.432   1
-1.488    5.168   1
 4.488    3.751   1
-1.723   -5.063   1
-3.636   -3.751   1
-2.361    4.664   1
 4.573   -3.680   1
 4.939   -3.233   1
-3.271    4.022   1
-0.228    5.459   1
-3.831   -3.310   1
 5.394    2.666   1
 5.809    1.049   1
-2.824   -4.334   1
-3.341   -4.022   1
 5.795   -1.791   1
 5.205   -2.833   1
 4.455    3.608   1
-3.942   -3.386   1
 3.975    4.213   1
 0.665    5.499   1
-4.879   -1.423   1
-2.257    4.763   1
 5.411   -2.149   1
 5.949    0.096   1
-2.550    4.613   1
-4.956   -1.608   1
 2.949   -4.901   1
 1.564   -5.380   1
 5.832    1.516   1
-5.045    0.479   1
 5.870    0.575   1
-5.019   -0.479   1
-2.776   -4.450   1
 1.619    5.399   1
 5.794    1.608   1
-3.843   -3.535   1
 1.847   -5.313   1
 5.989   -1.049   1
-3.849    3.386   1
-2.719    4.393   1
-5.016   -0.096   1
 1.914   -5.287   1
-3.991    3.386   1
 4.708    3.461   1
-5.167   -0.479   1
-4.665    2.237   1
-4.916    0.000   1
-0.674    5.399   1
 1.766   -5.337   1
-5.181   -0.192   1
 5.839   -1.049   1
-4.155   -3.155   1
 3.325    4.613   1
-5.008   -1.331   1
 3.698   -4.393   1
-4.038    2.996   1
 5.289    2.750   1
-4.946    0.384   1
 5.508   -2.060   1
 4.888   -3.155   1
 4.420    3.821   1
 5.720    1.516   1
 6.011    0.670   1
-0.515   -5.399   1
 3.086    4.856   1
 0.700    5.487   1
 0.744    5.487   1
 1.829   -5.313   1
-15.358    4.390   2
-11.168    3.501   2
-5.314   20.277   2
-20.768   11.025   2
-2.180   14.486   2
-3.778   18.449   2
-2.145   11.025   2
-20.707   15.137   2
-19.729   17.893   2
-14.332    3.915   2
-13.310   22.292   2
-19.343   18.449   2
-19.536   17.893   2
-6.353   20.967   2
-19.979   17.460   2
-2.387   15.778   2
-7.806   21.745   2
-10.413   22.448   2
-11.870    3.513   2
-17.065   20.587   2
-4.520   19.357   2
-18.905   18.717   2
-2.632    9.288   2
-7.910   21.808   2
-10.813    3.523   2
-11.267   22.499   2
-2.820   17.165   2
-14.846   21.869   2
-1.943   14.486   2
-9.127    3.824   2
-21.052   12.172   2
-10.999   22.494   2
-20.731   11.842   2
-19.228    7.688   2
-15.123    4.192   2
-3.868   18.717   2
-18.150    6.166   2
-11.037    3.506   2
-2.005   14.486   2
-14.446    4.018   2
-13.651    3.782   2
-19.922    8.540   2
-6.432    4.944   2
-4.865   19.834   2
-20.461   15.619   2
-3.834   18.849   2
-14.636    4.073   2
-3.170    8.540   2
-4.620   19.599   2
-15.253   21.679   2
-7.243    4.535   2
-6.955   21.388   2
-9.758    3.675   2
-3.135    8.540   2
-9.407   22.257   2
-8.253    4.018   2
-2.636    9.136   2
-1.957   13.000   2
-5.783    5.314   2
-2.078   12.337   2
-4.082    6.893   2
-2.702   16.864   2
-2.632   16.249   2
-16.276   21.143   2
-7.243   21.465   2
-2.049   11.025   2
-2.108   11.514   2
-14.952    4.131   2
-20.739   10.863   2
-2.015   11.678   2
-14.734   21.927   2
-2.170   10.863   2
-19.987   17.015   2
-9.038    3.782   2
-18.155    6.401   2
-6.628   21.227   2
-3.009    8.687   2
-5.984    5.218   2
-9.841    3.644   2
-3.816    7.551   2
-3.465    7.688   2
-2.855   17.165   2
-18.543   19.233   2
-16.407   21.143   2
-2.072   13.497   2
-5.152   20.170   2
-20.288   16.559   2
-12.202   22.477   2
-2.212   10.702   2
-6.413   21.143   2
-9.913   22.383   2
-2.771   16.559   2
-3.810   18.584   2
-16.363    4.944   2
-20.788   15.298   2
-3.023   17.606   2
-2.556    9.288   2
-3.203    8.107   2
-3.261   17.750   2
-15.656   21.539   2
-3.446    7.966   2
-16.708    5.124   2
-15.939   21.388   2
-9.620   22.325   2
-18.907   18.849   2
-1.963   14.486   2
-11.626    3.501   2
-3.796    7.416   2
-2.248   15.298   2
-13.292    3.708   2
-19.787    8.394   2
-5.674   20.587   2
-11.985    3.523   2
-20.894   12.834   2
-11.564   22.500   2
-9.624   22.325   2
-12.245    3.536   2
-16.691    5.033   2
-14.148    3.868   2
-16.916    5.218   2
-5.024   20.060   2
-3.961    7.283   2
-19.854    8.835   2
-10.171    3.571   2
-1.889   13.828   2
-4.754   19.718   2
-13.805    3.782   2
-10.101   22.408   2
-3.334    8.250   2
-19.457   18.034   2
-16.349    4.944   2
-9.877    3.617   2
-14.756   21.927   2
-4.486   19.479   2
-15.186    4.255   2
-18.462    6.521   2
-16.380   21.056   2
-4.354    6.643   2
-3.725    7.416   2
-17.899   19.948   2
-12.616   22.429   2
-18.925    7.283   2
-3.007   17.606   2
-2.165   14.813   2
-17.187    5.514   2
-17.969    6.052   2
-2.323    9.907   2
-3.266    8.107   2
-4.426   19.233   2
-18.994    7.151   2
-5.354   20.277   2
-11.165   22.499   2
-20.642   10.541   2
-16.157   21.227   2
-2.807    9.288   2
-1.951   13.166   2
-16.628   20.967   2
-20.681   10.222   2
-7.135    4.535   2
-9.504    3.708   2
-2.223   15.619   2
-20.930   13.828   2
-2.052   13.993   2
-20.904   12.172   2
-17.027    5.314   2
-9.517   22.325   2
-2.281   15.778   2
-18.807    6.894   2
-9.017    3.824   2
-1.985   11.187   2
-18.901   18.849   2
-17.026   20.587   2
-20.916   12.834   2
-8.883    3.868   2
-19.043   18.849   2
-4.083   18.979   2
-21.052   12.172   2
-20.220   16.864   2
-20.816   13.000   2
-13.338   22.325   2
-9.167    3.782   2
-21.078   12.668   2
-2.135   11.187   2
-19.332    7.551   2
-6.397   20.967   2
-20.789   10.702   2
-5.795    5.413   2
-19.292   18.174   2
-3.147   17.750   2
-20.836   13.663   2
-2.684    9.441   2
-3.735    7.551   2
-4.602   19.599   2
-2.335   15.619   2
-1.919   14.158   2
-13.179    3.675   2
-6.936   21.388   2
-10.921   22.477   2
-10.877   22.477   2
-9.035    3.824   2
