 1.590200 1.645400 1
 2.508300 1.423700 1
 1.886000 2.631600 1
 1.710600 2.949500 1
 2.038600 1.538100 1
 3.235600 2.619200 1
 2.912100 1.804200 1
 2.657700 2.759400 1
 2.647400 2.515200 1
 2.917300 1.657700 1
 3.189600 2.006900 1
 1.974800 1.847100 1
 2.794700 2.242500 1
 2.279700 2.854900 1
 1.276100 2.540700 1
 2.212800 1.957600 1
 2.435800 1.930100 1
 2.505900 2.423000 1
 2.752600 1.927300 1
 1.830200 2.120400 1
 3.225100 2.214500 1
 1.697400 1.852400 1
 1.583800 2.650300 1
 2.275800 1.662500 1
 1.732400 2.957600 1
 2.577300 3.300500 1
 2.586400 1.341200 1
 1.937200 2.962400 1
 2.079900 1.297200 1
 2.121900 2.761200 1
 2.536300 2.336400 1
 1.694800 1.703000 1
 2.266000 2.424900 1
 2.776200 2.047200 1
 2.913700 2.326300 1
 1.943700 1.853200 1
 1.922600 1.403700 1
 1.998100 2.229200 1
 2.220700 1.705200 1
 2.235300 3.191600 1
 2.541500 2.029200 1
 2.171100 1.601300 1
 1.786300 2.433800 1
 2.632000 1.616200 1
 1.698200 2.664700 1
 2.137400 2.044100 1
 2.137200 1.718700 1
 2.983600 2.131800 1
 2.792100 1.673600 1
 1.578400 2.515600 1
 2.910600 2.949700 1
 1.581800 2.821600 1
 1.569300 2.121200 1
 2.396700 2.952400 1
 2.902400 2.241000 1
 2.535800 3.120500 1
 3.196200 1.884400 1
 1.857800 1.916000 1
 2.568700 2.170800 1
 2.956500 2.088400 1
 2.904900 1.426300 1
 2.284900 1.874500 1
 2.700300 2.947300 1
 1.604900 2.347400 1
 2.343100 1.307100 1
 2.422600 2.828000 1
 2.980700 2.808800 1
 1.469500 2.209700 1
 2.401600 2.553400 1
 2.399600 1.615900 1
 2.639700 2.348900 1
 1.285900 2.250900 1
 1.539100 1.898800 1
 2.970900 2.593500 1
 1.864400 2.871700 1
 2.932100 2.174400 1
 1.338000 1.855500 1
 3.193000 2.584400 1
 2.303600 2.281800 1
 2.203800 3.216300 1
 1.666400 1.609700 1
 3.063900 1.672800 1
 1.693000 1.863800 1
 1.339400 2.499000 1
 2.106700 1.836800 1
 2.358200 3.138300 1
 1.681000 2.969400 1
 2.082300 1.332300 1
 1.550000 2.722900 1
 1.491700 2.276200 1
 2.696900 1.644100 1
 1.820500 2.421200 1
 1.730400 1.691900 1
 2.994500 1.788800 1
 2.669200 2.300700 1
 3.022700 2.025300 1
 3.352300 2.433000 1
 2.873900 2.417500 1
 2.498800 2.689100 1
 2.832300 3.005600 1
 1.747700 2.184900 1
 2.637500 2.143100 1
 2.463000 2.609400 1
 2.230300 2.964700 1
 2.593400 2.073100 1
 2.059200 1.762500 1
 2.393100 1.390100 1
 2.426500 3.176700 1
 2.659900 1.459200 1
 2.776100 2.553200 1
 3.073600 2.056300 1
 1.436800 2.089100 1
 2.923500 2.588900 1
 2.359600 2.170900 1
 3.091800 1.550400 1
 2.590200 1.743000 1
 2.170900 2.636500 1
 2.356100 2.269800 1
 2.113700 1.346900 1
 2.095900 2.073900 1
 2.740500 3.099000 1
 3.142600 1.842900 1
 2.325400 1.988000 1
 1.585100 2.805600 1
 2.416400 1.483900 1
 2.941500 1.766200 1
 3.048700 2.565600 1
 2.827400 3.040800 1
 2.846900 1.928600 1
 2.136600 3.048200 1
 2.121600 1.325800 1
 2.475100 2.685900 1
 2.193100 1.419200 1
 2.170000 1.295400 1
 1.780800 2.836900 1
 1.993100 3.225000 1
 1.735600 1.844800 1
 2.984500 1.979700 1
 2.153400 3.197300 1
 2.904500 3.064700 1
 2.846500 2.990200 1
 2.715200 2.909300 1
 2.022400 2.263900 1
 2.753700 1.874800 1
 2.330600 1.394000 1
 2.406800 2.544000 1
 2.442100 1.609100 1
 1.753500 2.763500 1
 2.401900 2.921400 1
 2.578900 2.975700 1
 2.559300 2.365900 1
 2.035200 1.405800 1
 1.609600 2.914400 1
 1.885900 1.701600 1
 2.056900 2.683000 1
 1.503000 1.842500 1
 2.198400 2.437100 1
 2.287100 2.531100 1
 1.897200 2.974700 1
 1.511700 2.498200 1
 2.418100 1.490100 1
 3.139600 1.959900 1
 2.644700 1.300900 1
 2.671300 2.538700 1
 1.514500 2.832900 1
 3.268600 2.418200 1
 2.061100 2.917000 1
 2.816300 1.529300 1
 2.429300 2.809700 1
 2.033600 1.582200 1
 2.016900 2.348000 1
 3.287200 2.323900 1
 2.837400 2.207400 1
 1.952200 2.405400 1
 1.736200 2.255100 1
 1.928000 2.704500 1
 2.394000 3.233600 1
 1.801700 1.993500 1
 1.433400 2.269100 1
 2.143000 1.740400 1
 2.111100 3.117100 1
 1.631700 1.827700 1
 2.879300 2.945100 1
 3.034800 2.888000 1
 2.286100 2.403700 1
 3.289300 2.540300 1
 2.185600 3.124800 1
 2.634000 2.222000 1
 1.881900 2.689800 1
 2.820200 2.128600 1
 2.042400 2.283500 1
 1.584900 1.780500 1
 2.235700 2.680000 1
 2.818200 1.908500 1
 1.538200 2.706600 1
 1.860300 2.239600 1
 1.696000 2.018200 1
 1.615800 1.796900 1
 1.741500 3.011300 1
 1.632200 1.789200 1
 3.895100 3.916500 2
 4.713500 3.762000 2
 4.089900 4.880100 2
 4.027300 5.184600 2
 4.403700 3.798200 2
 5.544600 5.018000 2
 5.230000 4.088500 2
 4.968000 5.146100 2
 4.954400 4.791400 2
 5.163800 4.001200 2
 5.541200 4.287600 2
 4.177900 4.047900 2
 5.062600 4.566900 2
 4.656300 5.179100 2
 3.576000 4.785200 2
 4.566800 4.305000 2
 4.792700 4.289700 2
 4.790000 4.814600 2
 5.086300 4.215100 2
 4.052500 4.501300 2
 5.429500 4.446500 2
 4.029500 4.171500 2
 3.924400 4.915100 2
 4.571900 4.012300 2
 3.989700 5.316900 2
 4.883800 5.689900 2
 4.963500 3.628500 2
 4.262900 5.305100 2
 4.296300 3.532300 2
 4.461700 5.019400 2
 4.811200 4.607200 2
 4.047100 3.966600 2
 4.493200 4.753800 2
 5.115900 4.446900 2
 5.247700 4.555200 2
 4.277600 4.102700 2
 4.208400 3.707300 2
 4.290200 4.456200 2
 4.449400 3.988600 2
 4.605700 5.581900 2
 4.820800 4.259200 2
 4.432000 3.843000 2
 4.090600 4.642100 2
 5.022300 3.883400 2
 3.997900 4.912000 2
 4.476400 4.338700 2
 4.515400 4.083900 2
 5.252300 4.506600 2
 5.064500 3.931700 2
 3.812200 4.915500 2
 5.284600 5.181100 2
 3.803100 5.201700 2
 3.887800 4.323400 2
 4.779200 5.331600 2
 5.113600 4.573100 2
 4.775200 5.416000 2
 5.558300 4.208400 2
 4.072300 4.194200 2
 4.942400 4.389500 2
 5.273400 4.335600 2
 5.134700 3.814000 2
 4.632100 4.244700 2
 4.995600 5.209700 2
 3.887300 4.741100 2
 4.610500 3.524300 2
 4.795800 5.117500 2
 5.202600 5.013800 2
 3.849700 4.493300 2
 4.702200 4.824200 2
 4.788000 4.012500 2
 4.909900 4.624000 2
 3.677200 4.477700 2
 3.866700 4.157000 2
 5.329000 4.885700 2
 4.108300 5.244000 2
 5.320000 4.436500 2
 3.593900 4.064500 2
 5.408600 4.822100 2
 4.546700 4.675400 2
 4.600600 5.594400 2
 3.966000 3.938500 2
 5.302400 4.045200 2
 4.039300 4.131200 2
 3.580400 4.707300 2
 4.352700 4.161200 2
 4.720300 5.400500 2
 3.945800 5.273800 2
 4.434500 3.579300 2
 3.881900 5.026500 2
 3.726500 4.543400 2
 5.039800 3.921500 2
 4.116500 4.644000 2
 4.030700 4.049900 2
 5.281400 4.030000 2
 4.901500 4.561300 2
 5.342100 4.242100 2
 5.668800 4.827700 2
 5.078800 4.674800 2
 4.849700 4.916500 2
 5.221600 5.345200 2
 4.013900 4.490100 2
 5.003700 4.467400 2
 4.848800 4.815200 2
 4.577400 5.174300 2
 4.974600 4.273300 2
 4.260700 3.985400 2
 4.664200 3.632600 2
 4.798400 5.397800 2
 4.890400 3.695700 2
 5.033500 4.868100 2
 5.285900 4.344100 2
 3.717900 4.308500 2
 5.211000 4.828400 2
 4.571400 4.385300 2
 5.353000 3.921600 2
 4.924200 4.098500 2
 4.449500 4.848400 2
 4.645500 4.534500 2
 4.390600 3.713800 2
 4.306200 4.449700 2
 5.025100 5.468200 2
 5.503900 4.207600 2
 4.606600 4.312100 2
 3.971900 5.077000 2
 4.665000 3.793400 2
 5.248800 4.049600 2
 5.434500 4.927400 2
 5.078700 5.248600 2
 5.051700 4.271400 2
 4.402400 5.365000 2
 4.355400 3.569000 2
 4.804700 4.968600 2
 4.526300 3.768900 2
 4.435300 3.689800 2
 4.154800 5.149000 2
 4.391300 5.466500 2
 3.960500 4.173700 2
 5.276300 4.221200 2
 4.374700 5.559600 2
 5.121300 5.332400 2
 5.105300 5.219000 2
 4.994800 5.159400 2
 4.224600 4.584400 2
 5.002700 4.092800 2
 4.630900 3.653100 2
 4.648300 4.865500 2
 4.756500 3.949300 2
 3.978800 5.020100 2
 4.787000 5.183400 2
 4.915200 5.371700 2
 4.760900 4.596800 2
 4.295000 3.803000 2
 3.847900 5.149200 2
 4.154600 4.045100 2
 4.294200 5.072900 2
 3.769300 4.171700 2
 4.469400 4.731000 2
 4.516700 4.808500 2
 4.172600 5.309300 2
 3.742900 4.875000 2
 4.796500 3.775100 2
 5.422100 4.311000 2
 4.931000 3.564600 2
 5.061900 4.853400 2
 3.781300 5.133700 2
 5.651800 4.632700 2
 4.373700 5.143100 2
 5.107200 3.845000 2
 4.756800 5.179400 2
 4.360900 3.797700 2
 4.395800 4.603400 2
 5.502500 4.569300 2