 0.695    0.976   1
-2.218   -0.875   1
-0.330   -0.956   1
-1.800    0.904   1
 3.077   -0.626   1
 1.089    0.923   1
-1.045    0.929   1
-2.244   -0.845   1
-3.208   -0.547   1
-0.125   -1.046   1
 3.825   -0.333   1
-2.020   -0.841   1
-3.547   -0.466   1
-1.981    0.851   1
-2.172   -0.856   1
-3.674    0.381   1
 2.986   -0.616   1
-0.163    1.038   1
 0.195   -1.039   1
 1.644    0.954   1
 3.248   -0.579   1
-2.737    0.739   1
 2.257   -0.866   1
-0.230    0.952   1
-3.798    0.278   1
-2.764   -0.772   1
-3.977   -0.075   1
-3.517   -0.468   1
 0.034   -1.012   1
-0.526   -1.019   1
 2.892   -0.734   1
-0.964   -0.965   1
 0.694    0.992   1
-1.617   -0.914   1
 2.583   -0.787   1
-0.339    1.003   1
 0.286   -1.013   1
 1.928   -0.859   1
-3.149   -0.635   1
 2.276    0.850   1
-2.062    0.887   1
 1.156   -0.988   1
 3.315    0.596   1
-2.963   -0.702   1
 2.473   -0.740   1
 2.309    0.855   1
 2.440    0.838   1
 0.991   -0.999   1
 0.932    0.929   1
 3.392    0.533   1
-1.951   -0.879   1
 0.311    1.030   1
 0.555   -0.987   1
-3.216    0.587   1
 1.042   -0.952   1
 0.170    0.955   1
-2.185   -0.877   1
-2.235    0.791   1
-3.913   -0.246   1
-2.890   -0.738   1
-2.958   -0.682   1
 1.506   -0.894   1
-2.598   -0.803   1
 3.706    0.381   1
 3.131   -0.608   1
-2.105   -0.861   1
 2.323    0.780   1
 0.327   -0.956   1
 3.374    0.534   1
 3.980   -0.122   1
-0.593   -0.954   1
 1.975   -0.917   1
-0.669    0.952   1
 2.191    0.800   1
 1.748    0.852   1
-0.836   -1.004   1
-3.594    0.393   1
 1.198   -0.939   1
-2.205    0.848   1
-0.581   -1.025   1
 0.070    1.014   1
 1.848    0.921   1
-1.634   -0.948   1
-0.101   -1.035   1
 1.281    0.941   1
 1.057   -0.959   1
 2.892    0.654   1
-1.512    0.960   1
-3.936    0.221   1
 3.957   -0.140   1
 3.290   -0.521   1
-1.956    0.911   1
 1.646   -0.861   1
 3.918   -0.213   1
 1.284   -0.924   1
-0.432    1.042   1
 3.342    0.596   1
-2.615   -0.709   1
 1.843   -0.868   1
-1.618    0.892   1
-0.195   -1.005   1
 3.125    0.620   1
-0.791   -1.024   1
-0.742    0.989   1
-0.235   -1.006   1
-0.692    1.010   1
 0.155    0.950   1
 2.547    0.746   1
 2.963   -0.652   1
-2.457   -0.765   1
 1.117   -0.968   1
 3.428   -0.479   1
 0.539   -0.941   1
-1.939    0.894   1
-3.388    0.516   1
-3.521    0.450   1
-2.886   -0.716   1
-2.356    0.776   1
 1.095   -0.925   1
 0.139   -0.999   1
 2.156    0.822   1
-0.149   -0.988   1
 2.023   -0.884   1
 3.741    0.362   1
 3.934   -0.143   1
-1.762    0.922   1
 0.848    1.022   1
-2.331   -0.857   1
-1.738   -0.897   1
 3.034   -0.634   1
-1.344    0.931   1
-3.446   -0.487   1
 3.026   -0.696   1
-3.093    0.648   1
-1.753    0.946   1
-0.840    1.011   1
-1.907    0.925   1
-2.972   -0.688   1
-2.481   -0.815   1
 0.376   -0.986   1
 2.377    0.839   1
 0.471    0.955   1
-1.730    0.875   1
-1.472   -0.896   1
-3.927   -0.231   1
 0.774   -0.937   1
-1.191    0.935   1
 0.204   -0.994   1
-2.275   -0.776   1
-2.088    0.808   1
-2.421   -0.804   1
 2.541   -0.797   1
 3.363    0.571   1
-1.393    0.907   1
 1.702    0.934   1
-2.336    0.822   1
 3.211    0.560   1
 3.960    0.148   1
-2.488   -0.783   1
-1.246   -0.924   1
 1.660   -0.885   1
 0.612    0.996   1
-3.007   -0.649   1
 2.882    0.648   1
 3.701    0.349   1
-2.089    0.844   1
-1.613   -0.901   1
-3.592   -0.415   1
 2.774   -0.737   1
 1.918   -0.836   1
-2.310    0.840   1
 1.460    0.892   1
-2.209   -0.823   1
-0.154   -0.991   1
 1.294    0.950   1
-2.376    0.759   1
 3.704   -0.380   1
-0.917   -0.934   1
 2.471   -0.774   1
 1.002   -1.006   1
 0.229    2.295   2
-0.107    7.382   2
-0.315    3.270   2
 0.106    1.800   2
-0.244    2.677   2
 0.225    6.689   2
 0.233    2.555   2
-0.140    7.356   2
-0.251    2.392   2
-0.288    3.475   2
-0.292    3.425   2
-0.312    5.580   2
-0.349    4.053   2
 0.044    1.619   2
-0.316    3.428   2
 0.336    3.926   2
-0.357    4.586   2
 0.334    5.437   2
-0.291    5.795   2
 0.174    7.244   2
-0.251    2.848   2
 0.257    2.863   2
-0.120    1.857   2
 0.301    5.370   2
 0.310    3.802   2
-0.308    4.836   2
-0.322    3.623   2
-0.311    4.083   2
-0.329    3.634   2
-0.326    5.074   2
-0.241    6.492   2
-0.314    4.636   2
 0.195    2.294   2
-0.302    3.983   2
-0.332    4.183   2
 0.307    5.261   2
-0.333    3.886   2
-0.065    7.528   2
-0.269    6.451   2
 0.143    1.876   2
 0.072    7.538   2
-0.226    6.756   2
 0.342    4.915   2
-0.328    4.637   2
-0.349    4.073   2
 0.337    3.909   2
 0.313    6.040   2
-0.328    4.591   2
 0.237    6.532   2
 0.308    4.992   2
-0.335    3.649   2
 0.308    5.911   2
-0.263    6.155   2
 0.285    6.384   2
-0.241    2.642   2
 0.288    5.770   2
-0.101    7.415   2
 0.291    3.365   2
-0.304    3.687   2
-0.237    2.710   2
-0.349    4.642   2
-0.190    7.106   2
-0.182    7.002   2
 0.281    3.306   2
-0.224    6.731   2
-0.101    7.495   2
 0.290    5.923   2
-0.315    5.927   2
 0.302    2.974   2
-0.316    3.580   2
-0.292    3.007   2
-0.021    7.575   2
 0.201    6.931   2
 0.294    5.791   2
 0.112    7.348   2
-0.332    4.764   2
 0.306    4.006   2
-0.323    4.798   2
 0.294    3.395   2
-0.272    3.019   2
 0.300    5.670   2
 0.329    5.448   2
-0.287    5.966   2
-0.308    5.499   2
 0.236    6.881   2
-0.223    6.657   2
 0.225    2.492   2
 0.337    4.088   2
 0.086    1.664   2
-0.294    3.557   2
-0.297    2.890   2
 0.071    1.644   2
-0.351    5.246   2
-0.324    3.518   2
-0.214    6.884   2
 0.350    5.168   2
 0.230    6.942   2
-0.354    4.985   2
-0.303    3.443   2
 0.165    1.982   2
-0.325    3.405   2
 0.281    2.725   2
-0.248    2.809   2
 0.200    6.858   2
-0.146    7.365   2
 0.332    4.908   2
 0.284    5.755   2
 0.286    6.147   2
-0.247    6.563   2
-0.327    5.143   2
-0.350    4.717   2
-0.341    5.028   2
-0.311    6.139   2
 0.306    5.661   2
 0.211    2.212   2
 0.181    2.079   2
-0.260    2.714   2
 0.319    5.244   2
-0.270    2.695   2
-0.125    1.739   2
