 1.580000 0.260000 1
 1.200000 0.790000 1
 0.680000 -0.030000 1
 1.210000 0.450000 1
 1.550000 0.470000 1
 1.020000 0.600000 1
 1.630000 -0.450000 1
 2.150000 0.180000 1
 1.240000 0.950000 1
 1.370000 0.750000 1
 1.950000 -0.260000 1
 1.320000 0.890000 1
 1.510000 0.460000 1
 2.210000 0.010000 1
 2.080000 -0.040000 1
 0.730000 0.520000 1
 1.890000 0.690000 1
 1.940000 -0.880000 1
 0.990000 -0.550000 1
 1.820000 0.260000 1
 1.600000 -0.010000 1
 0.860000 -0.710000 1
 1.310000 -0.910000 1
 1.650000 -0.620000 1
 1.960000 -0.760000 1
 2.080000 0.160000 1
 1.180000 0.500000 1
 1.700000 0.900000 1
 0.960000 0.290000 1
 0.970000 -0.420000 1
 1.530000 -0.740000 1
 0.640000 0.410000 1
 0.750000 0.410000 1
 2.260000 -0.170000 1
 2.090000 0.120000 1
 1.410000 0.830000 1
 1.220000 -0.960000 1
 1.520000 0.330000 1
 1.820000 -0.580000 1
 1.070000 -0.820000 1
 1.230000 0.300000 1
 1.170000 0.400000 1
 1.670000 0.960000 1
 2.010000 0.130000 1
 2.470000 0.130000 1
 0.700000 0.370000 1
 1.630000 0.180000 1
 1.120000 0.820000 1
 1.190000 -0.470000 1
 0.560000 0.170000 1
 1.300000 -0.250000 1
 1.330000 0.150000 1
 -0.790000 0.030000 2
 -1.460000 -0.020000 2
 -1.460000 -0.160000 2
 -1.310000 0.170000 2
 -1.330000 -0.220000 2
 -0.670000 0.220000 2
 -1.240000 0.310000 2
 -1.060000 -0.450000 2
 -3.210000 -0.250000 2
 -2.860000 -0.260000 2
 -3.850000 0.520000 2
 -3.610000 0.730000 2
 -3.920000 -0.440000 2
 -3.640000 0.700000 2
 -3.890000 -0.840000 2
 -3.180000 -0.690000 2
 -4.270000 -0.410000 2
 -2.790000 0.340000 2
 -4.210000 -0.190000 2
 -2.760000 -0.390000 2
 -3.430000 -0.310000 2
 -4.090000 0.780000 2
 -4.040000 -0.060000 2
 -3.800000 0.010000 2
 -3.770000 0.380000 2
 -4.070000 0.740000 2
 -2.740000 0.210000 2
 -4.210000 -0.510000 2
 -3.400000 -0.780000 2
 -3.960000 0.570000 2
 -3.000000 -0.170000 2
 -2.790000 -0.220000 2
 -3.860000 -0.380000 2
 -3.490000 -0.770000 2
 -2.740000 0.570000 2
 -4.250000 0.290000 2
 -3.200000 -0.300000 2
 -2.920000 -0.020000 2
 -4.320000 0.520000 2
 -3.420000 -0.330000 2
 -3.280000 0.570000 2
 -3.490000 -0.400000 2
 -4.140000 0.530000 2
 -3.300000 0.870000 2
 -3.960000 0.000000 2
 -3.180000 -0.090000 2
 -4.290000 -0.600000 2
 -3.290000 -0.640000 2
 -3.740000 0.280000 2
 -2.830000 0.700000 2
 -2.860000 0.280000 2
 -3.200000 0.140000 2
 -3.370000 -0.310000 2
 -4.100000 -0.350000 2
 -3.750000 -0.140000 2
 -3.480000 0.840000 2
 -3.600000 0.200000 2
 -2.990000 -0.510000 2
 -3.400000 0.410000 2
 -2.720000 -0.460000 2
 -2.540000 -0.180000 2
 -3.090000 -0.420000 2
 -3.570000 -0.810000 2
 -3.930000 -0.090000 2
 -3.870000 0.740000 2
 -3.350000 -0.210000 2
 -3.830000 -0.300000 2
 -4.080000 -0.620000 2
 -0.040000 2.930000 2
 -0.820000 3.210000 2
 -0.400000 2.640000 2
 -0.130000 2.900000 2
 -0.080000 3.020000 2
 -0.740000 2.700000 2
 -0.300000 2.850000 2
 -0.240000 3.260000 2
 -0.750000 3.390000 2
 -0.500000 2.890000 2
 -0.420000 3.470000 2
 -0.270000 3.010000 2
 -0.070000 -2.670000 2
 -0.580000 -3.360000 2
 -0.610000 -3.390000 2
 -0.980000 -1.790000 2
 -1.810000 -2.590000 2
 -1.570000 -2.250000 2
 -0.920000 -2.930000 2
 -0.760000 -2.420000 2
 -1.490000 -3.080000 2
 -0.560000 -1.910000 2
 -0.030000 -2.660000 2
 -0.920000 -1.720000 2
 -1.750000 -3.030000 2
 -1.390000 -2.000000 2
 -0.170000 -2.410000 2
 -1.770000 -2.700000 2
 -1.720000 -2.440000 2
 -0.160000 -2.500000 2
 -1.510000 -2.540000 2
 -1.610000 -2.940000 2
 -0.620000 -1.580000 2
 -1.320000 -3.330000 2
 -1.020000 -3.370000 2
 -1.080000 -2.360000 2
 -1.240000 -3.060000 2
 -0.620000 -3.230000 2
 -0.600000 -2.780000 2
 -1.000000 -3.370000 2
 -1.890000 -2.610000 2
 -1.370000 -3.020000 2
 -0.640000 -1.980000 2
 -1.260000 -2.680000 2
 -0.500000 -2.810000 2
 -1.580000 -2.710000 2
 -0.810000 -3.200000 2
 -1.710000 -2.310000 2
 -0.990000 -2.740000 2
 -1.200000 -3.040000 2
 -0.970000 -1.590000 2
 -0.420000 -2.400000 2
 -0.310000 -3.140000 2
 -1.550000 -3.110000 2
 -0.740000 -3.010000 2
 -0.190000 -2.100000 2
 -0.450000 -1.790000 2
 -1.220000 -2.660000 2
 -1.550000 -1.850000 2
 -0.700000 -3.230000 2
