    0.228019      0.180532      0.287072     -0.241813     -0.151448     -0.212516     -0.009995      0.475829     -0.073809     -0.156941     1
    0.038255     -0.391110     -0.126911     -0.026505     -0.418607     -0.089496     -0.199515     -0.017258      0.366268     -0.377438     1
    0.494049     -0.099750      0.064226     -0.180532     -0.390866     -0.298639     -0.111164      0.457274      0.159322     -0.451659     1
   -0.203452     -0.087024     -0.438627      0.456420      0.283197      0.324732     -0.043840      0.103351     -0.354976     -0.206076     1
    0.450774      0.145344     -0.098102     -0.275781      0.215323      0.306696     -0.403500     -0.396084     -0.273522     -0.300562     1
   -0.396420      0.254479     -0.111560      0.356380      0.377438      0.144734      0.131550     -0.053880     -0.398740      0.478179     1
   -0.328761      0.068712      0.475311     -0.017655      0.045183      0.210807      0.363216     -0.239036      0.197104      0.383724     1
    0.096393     -0.187826     -0.232505      0.445524      0.071825     -0.230796      0.219932      0.286309     -0.303797     -0.055864     1
   -0.214957      0.491455      0.148335      0.209342     -0.278375     -0.418332     -0.329279      0.281579      0.055712      0.378292     1
   -0.202658      0.300775     -0.074969      0.180258      0.051958      0.024827     -0.094287     -0.120045      0.167379      0.057329     1
    0.064013      0.438292      0.049516      0.217307     -0.225333     -0.466948     -0.120533      0.038591      0.384548      0.189901     1
    0.036912      0.007004      0.043657      0.366787      0.140370      0.022568      0.129566     -0.296197     -0.033403      0.048265     1
   -0.444090      0.385342     -0.200125      0.317530      0.486633     -0.075488      0.030747     -0.132374      0.302789      0.485504     1
   -0.058947     -0.194662      0.200827     -0.000381     -0.130787      0.143788      0.278405     -0.098529      0.094989     -0.257378     1
    0.205771     -0.390591      0.269250     -0.052477      0.046831     -0.327906     -0.388882      0.112110      0.133015      0.407926     1
   -0.373714     -0.011765      0.121845      0.036210      0.028947      0.215354     -0.209250      0.022294     -0.133351     -0.009262     1
    0.067644     -0.025742      0.106830      0.020249      0.103870     -0.062517     -0.185842     -0.005173      0.092120     -0.049455     1
   -0.155354     -0.046251      0.001297     -0.109363     -0.040269      0.054308      0.127125     -0.046983     -0.113636     -0.127369     1
    0.182791     -0.160970      0.012833     -0.360897     -0.013413      0.085894     -0.106342      0.024155     -0.175008      0.106006     1
   -0.011643      0.110065      0.238914      0.231071     -0.284753     -0.183615     -0.377651     -0.069445     -0.123035      0.060228     1
    0.242241      0.051592      0.031785     -0.090197      0.425077      0.486236      0.250237     -0.158498      0.239006     -0.200552     1
    0.132679      0.155660     -0.282800      0.182760      0.021195     -0.249260      0.435209      0.258812      0.453581     -0.002915     1
   -0.428983      0.407559     -0.323572      0.219504      0.195914     -0.486389     -0.370540      0.443358      0.084918      0.319056     1
   -0.432951      0.178213      0.231529     -0.196066      0.078051      0.173360     -0.106555     -0.424894      0.310205      0.414853     1
    0.309046     -0.004898      0.003708     -0.363094     -0.348811     -0.232292      0.209006     -0.082507     -0.000076     -0.082934     1
    0.439787      0.478790      0.411344     -0.374722      0.464202     -0.202048      0.257012     -0.118915      0.481353     -0.296686     1
   -0.435118     -0.434233      0.044633      0.221946     -0.379025     -0.471252      0.181722     -0.006882      0.210410      0.213614     1
    0.096057     -0.247093     -0.222892     -0.115314     -0.106769     -0.459075      0.301477     -0.018906     -0.434996      0.394955     1
   -0.388241     -0.232841      0.328150      0.418668     -0.082659      0.165334     -0.309870      0.303644      0.331019     -0.059557     1
   -0.232231      0.474792     -0.141713      0.240287      0.310389      0.143910     -0.002487     -0.325983      0.207877     -0.402493     1
    0.164266      0.061022     -0.124775      0.043474      0.453948      0.422300      0.357234     -0.187521     -0.218223      0.346919     1
    0.048997     -0.201804      0.373989     -0.291711     -0.017747      0.025529      0.004135      0.301721     -0.206290      0.165517     1
   -0.103992      0.182943      0.029984      0.276971     -0.248863     -0.065600      0.012009     -0.126881     -0.225059      0.035508     1
   -0.231346      0.103015      0.032731     -0.234886      0.404691     -0.243034     -0.431455     -0.335597      0.016923      0.154134     1
    0.102954      0.026841      0.142445     -0.406827      0.445647      0.012650     -0.220176     -0.168233     -0.030839      0.104205     1
    0.359157      0.448729      0.145466      0.416654     -0.277673      0.473235      0.468291     -0.113239      0.066515      0.458159     1
    0.214621     -0.310846     -0.176229     -0.102130     -0.447508     -0.497681      0.308863      0.005905     -0.185415     -0.003067     1
   -0.275201     -0.209891     -0.197501      0.257286     -0.107837     -0.249382      0.436827      0.371670     -0.435881      0.270196     1
    0.230949     -0.144276      0.182455     -0.090167     -0.174886     -0.082812      0.131886     -0.225242      0.301019      0.141316     1
   -0.253258      0.446257     -0.224998     -0.377804      0.099353     -0.218802     -0.020646     -0.088580     -0.481475      0.152791     1
    0.481567     -0.164327     -0.115406     -0.035295      0.128071     -0.253563      0.202658      0.464324      0.179312     -0.139943     1
    0.364834      0.159810     -0.357051      0.363857     -0.264580     -0.185049      0.282281     -0.325343      0.198721      0.023392     1
   -0.124561     -0.356105      0.298822     -0.057054      0.234062      0.427274      0.282891     -0.119648     -0.229484      0.368191     1
    0.041368     -0.125507      0.303125      0.031907     -0.092578      0.466582      0.100574     -0.192953     -0.422788      0.219077     1
    0.251305      0.400204      0.426817     -0.092120      0.265557     -0.185354     -0.252647      0.041887      0.467589      0.234764     1
    0.021958      0.177389      0.330439     -0.054521     -0.003403      0.255730     -0.456877     -0.344295      0.101672     -0.234703     1
   -0.183645     -0.102924      0.448485      0.372738      0.272729      0.407712     -0.159139      0.074297      0.258477      0.185873     1
    0.121540      0.038194     -0.438749      0.415494     -0.470794      0.103870     -0.479247     -0.256493      0.349330      0.288965     1
   -0.355586     -0.454649     -0.076312      0.270775      0.425138      0.150014     -0.000168     -0.459990     -0.123249      0.299738     1
    0.318598      0.301569      0.239830      0.059343      0.188375     -0.090503     -0.105701     -0.169759      0.041276      0.302423     1
   -4.899457     -4.610324     -4.545106     -5.293847     -5.381191     -5.062426     -4.996597     -4.531556     -4.945051     -4.680181     2
   -5.011277     -4.783639     -4.970687     -5.389096     -5.471282     -4.577029     -5.281426     -4.831492     -5.152120     -5.177023     2
   -5.153066     -5.113178     -4.820475     -5.309656     -5.176962     -4.680059     -5.278680     -4.771645     -5.426176     -5.304041     2
   -5.130146     -4.562532     -4.904920     -4.602329     -4.794626     -4.984725     -5.133625     -4.506561     -5.025559     -4.668157     2
   -4.516388     -4.593387     -5.195425     -5.439482     -5.176168     -4.574923     -5.305383     -4.931349     -5.125568     -4.634495     2
   -4.925672     -4.741737     -4.748787     -4.609897     -4.649937     -4.795358     -4.656133     -4.612217     -5.150288     -4.776254     2
   -4.694372     -4.922926     -4.743294     -4.775155     -4.711402     -5.347224     -5.229087     -5.092395     -4.878674     -5.328974     2
   -5.473601     -4.991409     -5.184072     -5.284722     -4.815073     -4.697241     -4.967757     -5.101245     -5.100208     -4.606388     2
   -5.472716     -5.067736     -4.938551     -4.936781     -5.149709     -5.339564     -4.826640     -4.665654     -4.648198     -5.074877     2
   -4.568880     -4.991379     -4.974502     -4.628361     -4.901288     -5.246300     -5.415494     -4.522279     -4.927381     -5.011887     2
   -4.947645     -4.811106     -4.514344     -5.287103     -5.108936     -4.652104     -5.465972     -5.024674     -5.418638     -4.699713     2
   -4.603366     -4.888318     -5.275903     -5.246849     -5.072954     -4.986892     -5.438536     -4.979202     -5.466918     -5.371426     2
   -4.559267     -5.434416     -4.761940     -4.650945     -5.028001     -5.408475     -4.720893     -4.615696     -4.781106     -5.053270     2
   -5.126545     -5.425260     -5.169424     -5.022935     -5.035813     -5.174429     -4.770211     -5.013749     -5.076617     -5.347438     2
   -5.352840     -4.971755     -4.781930     -5.335047     -5.136769     -4.775216     -5.485717     -5.148396     -4.679662     -4.542329     2
   -4.905255     -5.158223     -4.873669     -5.049944     -5.196829     -5.078509     -4.905469     -5.100635     -5.031175     -5.186544     2
   -4.890637     -5.185690     -5.083544     -5.111621     -4.893262     -4.690008     -5.176504     -5.273675     -4.887646     -4.943739     2
   -5.053941     -5.017045     -5.037980     -4.814402     -5.105182     -4.927015     -4.895306     -4.921430     -4.819773     -4.843272     2
   -5.422788     -4.731666     -5.101093     -4.782907     -5.249077     -5.353633     -4.834880     -4.811655     -5.095050     -4.888562     2
   -4.990402     -4.574313     -4.858898     -5.467589     -5.323206     -5.041826     -4.640477     -5.114551     -5.131184     -4.522065     2
   -5.160390     -5.292962     -4.885632     -4.892956     -5.155263     -4.959578     -5.179678     -4.654180     -4.633274     -4.525269     2
   -4.987045     -4.992630     -4.936903     -5.099384     -4.967025     -5.031358     -5.068133     -5.054765     -4.890942     -5.057299     2
   -5.132344     -5.331690     -4.511689     -4.891278     -5.128742     -4.780587     -5.278283     -4.887280     -5.042009     -4.904218     2
   -5.374966     -4.521302     -4.572939     -4.721473     -5.209799     -4.596133     -4.692083     -5.484130     -5.075182     -5.090960     2
   -5.411771     -4.794748     -4.631657     -5.433653     -4.561922     -4.588443     -4.650151     -4.885174     -4.727363     -4.553163     2
   -5.226920     -5.168020     -5.149220     -4.641087     -5.289636     -4.669408     -4.973739     -5.145405     -4.533570     -4.583193     2
   -5.225547     -4.738563     -5.076250     -5.029221     -5.014817     -4.966506     -5.002884     -4.887219     -4.852214     -5.125538     2
   -4.957320     -5.146046     -4.946425     -5.211112     -5.077471     -4.890332     -5.173879     -5.093341     -4.794198     -4.781533     2
   -4.742103     -4.928327     -5.130451     -5.302393     -5.203238     -4.724311     -4.724921     -4.609684     -4.606204     -4.615146     2
   -5.173452     -5.215659     -5.133595     -4.773873     -4.829661     -4.636814     -5.001114     -4.897595     -4.790567     -4.582064     2
   -5.489563     -4.527223     -5.103687     -5.141194     -4.895703     -4.971145     -4.700140     -5.214591     -4.841258     -5.314936     2
   -5.161000     -5.326930     -5.194113     -4.839518     -5.388607     -4.725929     -4.531098     -5.412137     -4.510773     -4.738990     2
   -4.561922     -5.068621     -4.847636     -4.772561     -5.141346     -5.129170     -5.102039     -5.143605     -4.870922     -4.762947     2
   -4.743110     -5.167806     -5.208335     -4.863964     -4.588412     -4.592196     -5.327265     -4.958663     -5.293542     -5.286645     2
   -4.925092     -5.137623     -4.976028     -5.035661     -5.199545     -5.200797     -5.019517     -4.933699     -4.958602     -4.919019     2
   -4.904950     -4.856914     -5.125965     -4.832408     -4.841655     -4.812723     -4.803751     -5.358730     -4.886364     -4.931349     2
   -5.256890     -4.778573     -4.957778     -5.197134     -5.080584     -5.100452     -5.040391     -5.409146     -4.781381     -4.622715     2
   -4.595645     -4.938917     -5.187643     -5.047624     -5.392178     -5.223411     -4.910230     -4.921461     -5.081317     -5.246818     2
   -4.741279     -4.705145     -5.458953     -4.838694     -4.594852     -5.011856     -5.244835     -5.032273     -5.197592     -5.267083     2
   -5.040971     -5.154286     -4.617557     -5.447233     -4.584964     -5.285821     -4.669652     -4.762215     -5.081469     -5.110797     2
   -5.352321     -5.336970     -4.995499     -5.036393     -4.905805     -5.208640     -5.011856     -4.881024     -5.095050     -5.462798     2
   -4.872723     -4.846599     -5.280053     -5.154103     -4.719001     -5.265679     -5.437956     -4.878704     -5.146107     -4.621036     2
   -5.139546     -4.676092     -4.835093     -5.155049     -4.717231     -4.831675     -4.783303     -5.285089     -4.877789     -4.943525     2
   -4.925855     -4.526551     -5.163442     -5.394955     -4.720496     -4.574770     -4.579104     -5.007279     -5.208792     -5.127461     2
   -4.950514     -5.194327     -5.388485     -4.961531     -4.837931     -4.680181     -4.688482     -4.681219     -4.647404     -4.654363     2
   -5.017777     -4.956526     -4.827342     -4.942061     -4.995560     -5.003769     -5.036485     -5.150105     -4.936781     -5.073443     2
   -5.234275     -5.351924     -5.294214     -5.042711     -5.178701     -4.669683     -5.237266     -5.018967     -5.168874     -5.494263     2
   -4.662603     -5.041490     -4.633457     -5.013962     -5.266778     -5.013535     -4.930097     -5.308588     -4.952223     -5.096973     2
   -4.928388     -4.980117     -5.105213     -4.897687     -4.618351     -5.007950     -4.657598     -5.272851     -4.858715     -4.570101     2
   -4.995163     -4.596988     -4.564333     -4.665624     -4.833018     -5.306177     -5.025315     -5.028123     -5.184194     -5.025376     2
    6.366115      6.064928      6.027512      5.862590      5.731269      5.939589      6.115497      6.154012      5.559847      5.624851     3
    5.573183      6.086993      5.537141      5.927686      5.898419      5.696753      5.721625      5.844676      5.957503      6.399838     3
    6.245109      5.933882      5.802774      5.691076      5.587252      5.616276      5.931349      6.352077      5.927900      6.063280     3
    6.390072      5.671392      6.255211      5.578433      5.619510      5.838908      6.093310      5.989639      6.110553      6.498932     3
    5.791055      5.809549      6.315485      6.139332      6.310053      5.783670      5.994736      5.969771      6.362545      6.118854     3
    6.385983      6.141530      5.672918      6.083605      5.755776      6.015976      5.605838      5.634098      6.408383      5.547060     3
    6.136891      6.257683      5.633580      5.884899      5.968825      6.158834      5.851573      5.924940      5.872845      6.194967     3
    5.930464      5.840953      5.859386      5.966079      6.143147      5.974837      5.879528      5.507355      5.721259      6.076128     3
    6.180471      5.540284      6.421781      5.767312      6.015854      6.228843      5.734626      6.408444      6.365780      5.817515     3
    6.286554      6.291589      6.342830      6.196982      6.409635      6.117420      6.249809      6.128315      5.751686      6.118641     3
    6.459502      6.092181      5.813578      6.289972      5.793680      6.450896      5.827738      5.539094      5.536683      5.712195     3
    6.299158      6.092273      5.532807      6.292138      6.120106      6.488678      6.126331      6.193075      6.402341      6.156209     3
    5.548738      6.015824      6.073321      6.366298      6.324305      6.468719      6.001053      5.937269      6.044328      5.968062     3
    6.337886      5.788064      6.217215      6.115650      5.589908      5.506500      6.293023      5.950819      5.645207      6.130757     3
    5.998733      6.026322      5.908399      6.150563      5.959487      6.068651      6.154164      5.913800      5.868053      5.983993     3
    5.810129      5.909589      6.098987      5.808786      6.017777      5.850566      5.979629      6.067858      5.913099      6.012345     3
    6.359188      5.743110      5.539216      5.690405      6.013108      6.033311      6.201407      6.417478      5.782662      5.539918     3
    6.279809      6.304559      6.235954      5.674688      5.535798      5.741371      5.923566      6.084155      5.636845      6.324763     3
    5.590793      5.799997      6.017136      5.943831      5.756478      5.879315      6.011673      5.693731      5.814890      5.880108     3
    6.392575      6.077898      5.775063      6.032731      6.004898      6.060747      6.394436      5.740333      6.116199      6.043107     3
    5.755043      5.730140      6.150319      5.741920      5.670263      6.467040      6.151570      6.236167      6.109699      5.593356     3
    5.757363      6.221732      5.722236      6.123341      5.744484      5.781014      6.042589      5.944777      6.084674      5.903058     3
    5.818735      5.811380      5.632420      6.309931      5.705512      6.236015      6.307550      6.026078      6.030320      6.070452     3
    5.987320      5.603000      5.738899      6.168477      6.341914      5.750893      5.973037      6.388668      6.427763      5.882916     3
    5.787454      5.934858      5.827158      5.585238      6.325556      6.054857      5.935286      5.985244      6.079394      6.222831     3
    6.163533      6.345637      6.004868      5.773080      6.076708      5.537172      5.612094      5.579257      6.493164      5.840342     3
    5.534211      6.426054      5.975539      6.191366      6.358211      5.662084      6.029984      5.586734      6.255760      5.979659     3
    5.738716      5.829600      6.150075      5.833689      6.301233      5.926374      6.316004      5.974837      5.577303      6.132435     3
    6.490600      6.482330      6.139058      6.219596      6.137989      5.555910      5.695349      6.155995      5.805795      6.366970     3
    5.855235      5.920087      5.887463      6.143605      6.041551      6.142323      5.866100      5.695807      5.989608      6.052934     3
    6.153920      6.032945      5.920301      6.022721      6.468108      6.111316      6.096576      5.843211      5.957900      5.973159     3
    5.980178      5.951308      5.925184      6.054277      5.804605      6.147694      5.898328      6.027451      6.030717      5.825724     3
    6.076159      5.955977      6.099689      6.109485      5.756294      5.937025      5.559236      5.914045      5.924970      5.981796     3
    5.850658      5.890210      6.167623      5.852031      6.063341      5.780374      6.034013      5.829539      5.536134      6.498383     3
    5.634007      5.667486      5.730262      5.749672      6.039933      6.256066      6.007920      6.065752      6.351588      6.206290     3
    6.181570      5.663945      5.833689      5.842845      5.959365      6.305261      6.199759      6.463652      6.131825      6.260552     3
    6.073290      5.875652      6.196677      6.208823      5.649785      6.272515      6.224601      6.082507      6.426176      6.199728     3
    6.462859      5.961104      6.391842      5.538942      6.388485      5.897015      5.910321      6.037034      5.950911      5.711982     3
    5.964644      5.834178      5.621891      6.235313      5.744331      5.559206      5.851787      5.932875      6.490112      6.277184     3
    6.286523      5.773965      6.455412      5.680059      6.456145      5.745949      6.299646      6.259789      6.321375      5.576266     3
    6.219962      6.349605      6.054735      5.870434      6.190603      5.908551      6.132313      6.165426      5.630497      6.155660     3
    6.046831      5.687597      6.054643      6.393338      5.506195      5.735847      6.342982      5.587680      5.726722      6.112506     3
    5.590884      6.307154      5.802408      5.910077      5.972732      5.550203      5.538667      5.599948      5.774758      5.909497     3
    6.164418      6.114307      5.896100      6.037645      5.904767      6.150960      6.197867      6.056047      5.809030      5.512207     3
    6.223136      6.286584      6.364010      5.791635      6.388668      6.328669      5.650548      5.969466      5.912458      5.595920     3
    6.181661      5.627140      6.007462      6.430937      5.584994      6.076373      5.925733      5.636906      6.261711      6.247002     3
    5.971389      6.004776      5.514374      6.479369      6.447569      5.621067      6.019181      6.436125      6.415036      5.595889     3
    5.906079      6.129933      6.431455      6.350581      6.075426      5.532441      5.856487      6.074084      5.976760      5.981368     3
    6.000534      5.843120      5.904645      6.055345      5.726051      6.367611      6.204855      6.066057      5.873791      6.346370     3
    6.194632      6.155446      5.995376      5.964125      5.604709      5.942274      6.284783      5.881787      5.788308      5.814890     3
    5.594119      5.602725      5.933515      5.596561      5.697913     -5.073351     -4.828013     -4.965621     -4.912671     -4.679937     4
    5.594729      6.045152      5.586825      6.131611      6.463164     -5.402371     -4.540773     -4.570772     -4.730323     -5.305567     4
    6.040941      6.087298      6.006455      5.892743      5.865337     -5.058397     -5.038133     -5.106922     -5.098926     -4.841319     4
    6.032182      5.831980      5.746651      6.426969      6.063494     -5.371822     -5.024522     -4.733406     -5.242210     -5.154805     4
    6.350795      6.495788      6.097095      5.975875      5.900525     -5.129414     -4.953047     -4.592502     -5.099414     -5.231407     4
    5.579073      5.792398      5.897748      5.755104      6.155446     -5.268883     -4.768319     -5.378475     -4.849712     -5.498810     4
    6.365322      6.226249      6.032548      5.884594      5.744148     -4.955397     -4.833537     -4.984115     -4.777566     -5.012650     4
    6.000412      5.727027      6.228355      6.020890      6.134816     -5.328578     -4.686407     -5.202200     -5.289483     -4.635990     4
    5.908124      6.065783      5.981887      5.702094      6.469359     -4.592410     -4.849467     -5.229240     -5.349391     -5.244163     4
    5.986557      6.112934      6.069323      5.918317      5.982345     -4.909284     -5.120106     -4.870891     -4.872417     -4.998428     4
    6.044816      5.835032      5.730720      6.351863      5.606296     -4.956069     -4.675390     -5.135762     -5.094714     -5.407315     4
    6.005112      5.800333      5.510315      6.135762      6.096973     -4.848430     -5.061571     -5.104297     -4.812754     -5.086901     4
    5.627506      6.368496      5.590304      5.679083      6.030564     -5.050462     -5.277337     -5.069933     -5.374142     -5.247856     4
    6.097034      6.081927      5.957442      6.402585      6.127094     -4.917432     -4.532899     -5.107837     -4.653935     -4.907514     4
    6.105213      5.681341      6.237877      6.314997      5.979263     -5.370602     -4.731208     -4.812571     -5.032609     -5.009171     4
    5.699652      5.697638      6.150441      6.191885      6.115711     -5.213157     -4.977309     -5.404508     -4.579440     -4.855174     4
    6.049913      6.351436      6.186575      5.916639      5.992599     -5.014328     -5.453520     -5.085437     -4.551881     -5.396390     4
    6.055742      5.848216      6.007706      5.882580      6.007157     -5.030992     -5.252312     -4.952589     -5.039995     -5.323542     4
    6.128712      6.052171      5.807047      6.137959      5.989120     -5.010208     -5.071825     -5.076342     -4.712867     -4.994644     4
    5.531648      6.391140      6.229392      6.219199      5.641270     -5.016678     -5.274621     -5.328852     -4.702490     -5.357234     4
    6.192373      6.269768      6.195456      6.178335      5.930677     -5.172567     -5.425047     -5.015793     -5.329768     -4.785501     4
    6.210135      6.090838      6.119221      6.013108      5.996963     -5.086352     -5.137074     -4.937696     -4.960341     -5.020280     4
    5.618290      6.048631      5.877911      5.927900      6.270409     -4.586276     -4.903638     -4.520875     -4.845073     -5.450133     4
    5.651128      6.213614      5.893078      5.683264      6.232109     -5.343318     -5.234519     -4.623875     -4.936995     -4.524934     4
    6.023148      6.147816      6.344905      6.341762      6.103412     -5.382595     -5.231254     -5.050462     -5.299432     -5.484619     4
    6.208670      6.111591      5.875286      6.170248      5.581027     -5.011277     -4.942763     -4.763100     -4.892560     -5.391568     4
    6.471953      6.481445      6.361080      6.049974      5.958174     -5.257225     -4.945143     -5.242912     -5.336360     -4.691565     4
    6.070788      5.861797      5.560274      6.363918      5.940535     -5.461913     -5.291498     -4.800699     -4.631718     -4.873241     4
    6.225272      5.688604      6.421262      6.031968      5.969192     -5.141316     -4.997574     -4.732826     -5.445769     -4.773476     4
    5.672643      6.329829      5.746895      5.726600      6.497986     -4.933912     -4.887066     -4.557863     -4.967116     -5.192984     4
    5.568484      5.523438      5.975173      6.298853      6.222678     -4.886822     -5.177694     -4.918470     -5.003403     -4.971480     4
    5.811014      5.633549      5.727180      6.079516      5.721107     -5.028245     -4.771950     -4.591189     -4.939405     -5.000565     4
    6.301843      5.749214      5.918531      5.855663      5.847362     -5.055528     -4.942976     -4.859447     -5.271508     -5.087542     4
    5.785073      6.298853      6.019059      6.142811      5.678655     -5.297296     -4.766091     -4.815104     -4.817454     -4.834452     4
    6.403592      5.514588      5.503967      6.470977      5.556459     -4.971908     -4.561098     -5.164815     -4.976943     -4.967238     4
    5.651799      6.198569      6.441099      5.954329      5.919752     -5.152211     -5.012589     -5.305017     -4.813578     -5.396970     4
    5.676580      5.892712      6.073565      6.344172      6.357662     -4.535615     -5.419919     -4.988021     -5.379360     -5.057115     4
    5.994247      6.237053      5.953871      6.399197      6.028459     -4.524812     -4.767373     -5.030320     -5.346309     -5.305750     4
    6.189352      5.960402      6.156209      6.054247      5.899884     -5.226371     -4.932966     -5.051012     -5.000565     -4.970595     4
    5.891644      6.035081      6.267846      6.005722      5.865276     -4.694037     -4.520753     -4.951033     -4.698920     -4.978164     4
    5.904798      5.842540      5.885601      5.796365      6.063128     -4.629856     -4.556917     -4.882794     -5.029862     -5.246178     4
    5.964003      6.455290      6.303308      5.760689      5.867473     -5.026902     -4.616001     -4.901440     -5.073077     -5.247276     4
    5.858623      5.585574      6.449889      5.988113      5.979232     -5.318751     -4.605930     -4.734687     -5.289239     -5.008866     4
    6.475372      5.963637      5.989425      5.615787      6.126942     -4.826090     -4.963240     -5.136280     -4.782693     -5.469787     4
    6.464263      6.135487      5.905805      5.560457      6.240013     -4.518342     -4.660710     -5.188009     -5.068010     -5.229118     4
    6.192984      5.913343      6.218863      6.073138      5.803720     -4.858226     -4.985397     -5.132008     -4.937330     -4.886822     4
    6.336970      5.985397      5.933454      5.723487      5.723792     -4.576876     -4.834147     -4.734840     -4.763009     -4.976119     4
    6.165456      6.006455      6.046953      6.249260      6.058763     -4.937422     -5.374966     -5.040574     -5.028825     -5.323634     4
    6.074725      6.196280      5.842204      5.962996      6.268883     -5.225333     -5.253044     -5.049852     -5.493347     -5.454527     4
    5.792428      6.105884      6.239006      6.452452      6.058367     -4.917615     -5.420804     -5.004868     -4.523804     -4.627873     4
