   -8.470412     -8.908841     -8.954680     1
   -8.786828     -9.217566     -9.027924     1
   -8.792871     -8.106510     -9.022004     1
   -8.029603     -8.236885     -8.032350     1
   -9.729728     -8.966155     -8.784936     1
   -8.985809     -9.156285     -9.136631     1
   -9.404523     -8.414075     -9.182104     1
   -8.675924     -8.243721     -8.643330     1
   -8.833277     -8.328440     -9.023957     1
   -8.094302     -8.501175     -8.828761     1
   -9.011078     -8.761315     -8.934965     1
   -8.949126     -8.866420     -8.745323     1
   -8.698508     -9.253578     -8.820460     1
   -9.376934     -9.351115     -9.419965     1
   -9.188940     -9.123936     -9.035371     1
   -9.134800     -9.470809     -9.097873     1
   -9.457015     -9.305155     -8.710776     1
   -9.980224     -8.324656     -9.588305     1
   -8.990692     -9.593005     -8.750145     1
   -9.419538     -8.921903     -8.286325     1
   -9.940245     -9.664174     -9.290017     1
   -9.875484     -8.208930     -8.932707     1
   -9.399152     -9.122471     -9.340312     1
   -8.951994     -9.462691     -9.428694     1
   -8.884426     -8.774438     -9.392621     1
   -8.376598     -8.763207     -8.570574     1
   -9.490585     -9.236427     -9.272073     1
   -9.231178     -9.725944     -8.736595     1
   -9.767815     -8.971831     -8.893399     1
   -9.040742     -9.207617     -8.912320     1
   -9.449934     -9.138951     -9.764702     1
   -8.904569     -9.782891     -9.263588     1
   -9.419416     -8.163640     -9.861324     1
   -8.252815     -8.163701     -9.589892     1
   -8.609210     -9.125401     -8.831751     1
   -8.431227     -9.214270     -9.461653     1
   -8.365368     -8.816492     -8.566790     1
   -9.794183     -8.594256     -9.464644     1
   -9.724174     -9.480331     -9.817316     1
   -8.082888     -8.011536     -8.395398     1
   -9.095920     -8.487625     -8.721397     1
   -9.453719     -8.980804     -9.276955     1
   -8.952361     -9.188269     -8.915372     1
   -8.422437     -8.091556     -8.854274     1
   -8.520524     -8.597125     -9.969787     1
   -8.575457     -9.167272     -8.642842     1
   -9.633900     -8.390393     -9.360149     1
   -8.656209     -9.093478     -9.159215     1
   -8.880764     -9.021210     -9.071993     1
   -8.433485     -9.524766     -9.414350     1
   -0.564440      1.418989      2.396039     2
   -0.066805      0.457289      1.719932     2
   -0.366741      0.737449      1.928495     2
    0.231971      1.123753      2.468673     2
    0.931883      1.998718      1.930509     2
    0.832209      0.057741      2.126926     2
   -0.128025      0.777978      2.161046     2
   -0.112033      1.757012      2.538926     2
   -0.019684      1.601917      2.006623     2
    0.142247      0.899869      2.165929     2
   -0.233009      0.833522      1.803919     2
   -0.107517      0.710349      1.627033     2
    0.629200      1.480758      2.234291     2
   -0.846919      0.810327      1.833766     2
    0.326456      1.187963      1.928983     2
    0.286782      0.337657      2.858760     2
    0.062838      0.673544      1.867763     2
    0.253517      1.786248      2.243263     2
   -0.012299      1.438093      2.190710     2
   -0.209876      0.849513      1.792749     2
    0.008332      1.761284      1.595782     2
    0.218360      0.965789      2.354106     2
   -0.272256      1.469344      1.477309     2
    0.175817      0.717795      1.497085     2
    0.001740      1.611560      2.375530     2
   -0.567431      0.592792      2.459639     2
   -0.364299      0.065981      2.830439     2
    0.481613      0.795679      1.436720     2
    0.275552      1.269753      2.063326     2
    0.506760      1.122105      2.344279     2
   -0.237709      1.689810      2.928770     2
   -0.371075      1.949461      1.728843     2
    0.021210      0.019837      1.186834     2
    0.372478      1.418806      1.499649     2
   -0.135350      0.902310      2.387921     2
   -0.404584      1.964660      2.851924     2
    0.641835      1.624012      2.083590     2
    0.369182      0.648762      1.902493     2
   -0.661733      0.242256      2.741691     2
   -0.048860      0.418714      2.186621     2
    0.136998      1.751274      1.194098     2
    0.235817      0.414930      2.624195     2
    0.008942      1.405011      1.931974     2
   -0.408918      1.183752      2.700735     2
   -0.684805      1.411115      2.376385     2
    0.061312      1.867916      1.576495     2
    0.442366      0.278268      1.692831     2
    0.332255      1.335185      1.582904     2
   -0.098666      1.190893      2.002655     2
    0.782647      0.679647      1.132389     2
    8.334208      7.277993      6.316202     3
    8.678579      6.891079      5.858180     3
    7.144536      6.057009      6.346965     3
    8.038850      7.772637      5.935331     3
    7.135685      6.410291      5.732505     3
    7.917997      6.613971      6.327250     3
    7.069338      7.312174      6.114170     3
    7.907620      7.361919      6.219153     3
    7.622944      6.094241      6.939207     3
    8.495041      6.742027      5.983551     3
    7.978362      6.658956      6.168493     3
    8.773858      7.121738      5.836207     3
    8.513474      7.229469      5.630573     3
    7.149174      7.781915      5.885708     3
    7.350597      7.807245      6.160741     3
    8.126682      6.938383      6.024873     3
    8.123936      7.779046      5.860683     3
    8.034639      7.048860      5.763878     3
    8.026887      7.280129      6.094638     3
    8.451949      7.168798      5.662374     3
    7.497330      6.636189      5.857936     3
    7.900906      6.936247      6.270608     3
    8.185400      7.464461      6.513901     3
    7.347911      6.956633      5.928617     3
    7.596210      7.209449      6.151891     3
    7.065676      6.589251      5.995453     3
    7.488601      6.207526      6.186132     3
    7.418897      6.327647      6.885861     3
    7.393445      6.391552      5.773766     3
    7.288888      7.158361      6.489792     3
    8.096164      7.697562      5.446242     3
    8.739433      6.419691      5.718101     3
    8.165380      7.022065      6.041536     3
    8.021821      7.090609      5.858486     3
    8.191626      6.907682      5.984466     3
    8.669546      6.748497      5.489395     3
    7.585894      6.764000      6.462996     3
    7.587115      6.868496      6.363811     3
    8.716361      7.450667      6.004669     3
    8.261940      7.867183      5.822779     3
    8.366802      6.938810      6.037446     3
    8.143345      7.355571      6.015961     3
    8.132847      7.666372      5.868068     3
    7.457045      6.913846      6.200659     3
    8.847774      6.850795      5.719932     3
    7.743614      7.676321      5.368847     3
    7.868068      6.587481      6.556810     3
    8.018097      6.468642      6.061251     3
    8.231239      7.472945      5.754967     3
    8.240089      6.788354      5.796899     3
   -3.423048     -5.822291     -4.924284     4
   -4.182714     -5.895535     -5.041536     4
   -3.444472     -5.496292     -4.561480     4
   -4.383221     -6.818720     -5.820490     4
   -4.935667     -5.652364     -5.857723     4
   -3.885647     -6.131932     -5.016572     4
   -4.652028     -6.593921     -5.723075     4
   -3.698508     -6.423261     -4.750877     4
   -4.512070     -5.688559     -5.483200     4
   -4.712516     -5.985137     -5.786676     4
   -3.388806     -5.201666     -4.404981     4
   -3.585772     -6.648305     -4.581866     4
   -4.508530     -6.261818     -5.818171     4
   -4.716422     -6.476608     -5.278542     4
   -4.160619     -5.492019     -5.282876     4
   -4.062044     -6.288797     -5.206702     4
   -3.419385     -6.628956     -5.403363     4
   -4.823725     -6.464278     -5.467635     4
   -4.552782     -6.260475     -5.347942     4
   -4.832698     -6.247902     -5.224464     4
   -3.530534     -5.214301     -4.764977     4
   -3.241523     -6.078524     -4.352550     4
   -3.607440     -6.027863     -5.045564     4
   -3.980010     -5.852931     -5.870785     4
   -4.625111     -5.643513     -4.669698     4
   -3.628254     -5.594440     -5.000458     4
   -4.236793     -6.360576     -5.307535     4
   -3.749046     -6.222510     -4.671896     4
   -3.925016     -6.323649     -4.668050     4
   -3.281503     -6.989929     -4.563738     4
   -4.071322     -6.444807     -5.217200     4
   -3.705893     -5.211005     -4.128849     4
   -4.823481     -6.069552     -5.155614     4
   -3.927885     -6.071444     -5.160558     4
   -4.264138     -5.690451     -4.992035     4
   -3.230964     -5.354564     -5.760491     4
   -4.687063     -6.041475     -5.544908     4
   -3.049928     -5.604694     -4.107730     4
   -4.034516     -6.473922     -4.945402     4
   -3.106388     -6.110813     -4.684713     4
   -3.982757     -5.984954     -4.966216     4
   -3.658528     -5.558733     -5.048555     4
   -4.680715     -6.492355     -4.729942     4
   -4.034333     -5.946745     -5.016938     4
   -4.161596     -6.361919     -5.505905     4
   -4.234352     -6.115513     -5.136876     4
   -4.075228     -6.461226     -5.227210     4
   -4.627308     -6.863277     -5.137547     4
   -3.335582     -6.091891     -4.696615     4
   -4.264077     -6.103305     -5.000702     4
